	1_ANS	1_BNS	1_CNS	1_DNS	2_ANS	2_CNS	2_DNS	1_AS	1_BS	1_CS	1_DS	2_AS	2_CS	2_DS
A:D:A:D	347	271	396	317	391	260	620	8	1	1	2	0	1	3
A:D:A:E	436	361	461	241	410	387	788	83	6	8	12	0	3	2
A:E:A:D	476	288	378	215	412	430	591	997	3747	662	421	37	75	6353
A:E:A:E	513	307	424	381	499	447	709	10547	12033	5394	15998	293	1816	33
A:D:C:D	178	165	195	185	124	158	409	0	0	0	0	0	0	1
A:D:C:E	222	138	152	74	202	179	426	0	0	1	0	0	0	0
A:E:C:D	181	114	142	254	193	149	670	15	18	67	36	35	13	140
A:E:C:E	238	177	204	163	242	255	561	25	48	145	46	81	30	7
A:D:D:D	192	140	236	207	181	182	720	0	1	0	1	0	0	1
A:D:D:E	185	118	217	189	208	179	276	0	0	0	1	1	1	0
A:E:D:D	206	108	279	173	213	223	446	12	30	18	18	25	9	113
A:E:D:E	224	154	190	168	187	204	375	22	35	60	21	35	20	4
A:D:E:D	200	101	179	107	177	155	553	0	0	0	0	0	0	1
A:D:E:E	242	192	204	107	173	147	361	0	0	1	0	1	1	1
A:E:E:D	266	144	258	133	287	227	630	24	28	42	4	35	26	9
A:E:E:E	290	140	168	219	210	213	293	44	44	35	56	48	51	3
A:D:F:D	124	91	194	117	187	143	289	0	0	0	0	0	1	0
A:D:F:E	185	118	253	126	169	160	295	0	3	0	0	0	1	0
A:E:F:D	234	128	200	120	172	173	260	1	4	0	0	1	1	2
A:E:F:E	206	168	255	88	237	182	291	0	238	2	1	0	2	1
A:D:G:D	526	318	434	359	533	431	1347	110	9	33	15	12	8	38
A:D:G:E	425	499	450	319	673	506	1368	132	24	37	35	16	24	10
A:E:G:D	832	465	483	377	663	574	1495	31648	37532	53271	22702	33241	24257	98629
A:E:G:E	718	577	657	910	677	691	1745	56735	77600	72115	68594	58439	60094	4265
A:D:H:D	144	95	115	90	161	114	486	0	1	0	0	0	0	1
A:D:H:E	179	130	171	93	163	186	436	0	0	0	0	0	0	0
A:E:H:D	224	214	167	146	239	250	426	0	0	0	1	1	3	0
A:E:H:E	251	165	186	198	190	185	467	0	2	87	0	0	3	0
A:D:I:D	172	90	113	102	187	170	733	0	0	0	1	0	0	2
A:D:I:E	243	130	208	165	178	208	309	1	0	0	0	1	0	1
A:E:I:D	295	161	255	176	226	154	347	0	0	0	0	4	15	2
A:E:I:E	238	162	216	284	281	215	487	16	0	3	108	6	1	2
A:D:K:D	117	109	142	161	184	110	140	0	0	0	0	0	0	1
A:D:K:E	159	116	144	76	103	99	546	1	0	0	0	1	0	1
A:E:K:D	152	146	142	82	175	151	267	1	1	0	0	0	2	1
A:E:K:E	199	115	180	150	142	151	377	116	0	21	5	0	0	2
A:D:L:D	491	334	460	393	579	475	1428	0	2	0	0	2	1	0
A:D:L:E	495	352	431	401	544	506	1433	1	0	0	1	1	0	0
A:E:L:D	668	467	607	528	635	656	1152	10	363	1	0	12	6	3
A:E:L:E	677	464	520	656	738	622	1500	3	77	93	3	5	12	6
A:D:M:D	73	125	117	55	91	97	167	1	0	0	0	1	0	0
A:D:M:E	88	68	111	51	101	99	128	1	0	0	18	0	0	0
A:E:M:D	78	94	93	39	143	114	213	9	0	46	2	1	0	0
A:E:M:E	103	75	106	65	104	114	116	9	8	10	6719	0	0	2
A:D:N:D	87	83	115	46	83	84	174	0	0	0	0	0	0	0
A:D:N:E	124	83	76	74	129	121	359	0	0	1	0	0	0	0
A:E:N:D	112	118	187	140	150	129	227	0	0	0	1	0	1	1
A:E:N:E	101	85	108	65	157	132	254	0	1	0	1	1	0	2
A:D:P:D	324	261	200	239	295	293	982	0	0	0	0	12	1	1
A:D:P:E	291	192	290	176	355	300	701	269	0	0	0	2	0	0
A:E:P:D	415	267	343	211	376	341	461	0	4	2	14	2	0	2
A:E:P:E	393	257	471	215	352	352	935	142	2	2	3	0	0	2
A:D:Q:D	180	160	186	121	208	174	259	0	1	0	0	0	1	0
A:D:Q:E	151	122	274	131	177	182	437	0	0	0	0	0	0	0
A:E:Q:D	217	223	252	205	193	210	383	7	0	6	1	1	1	200
A:E:Q:E	210	157	267	143	191	194	400	0	1	1	0	0	2	1
A:D:R:D	587	404	532	511	606	539	1088	0	1	0	1	1	0	2
A:D:R:E	613	444	640	501	488	656	2654	0	0	2	0	1	81	0
A:E:R:D	688	502	588	444	581	605	1316	82	16	294	14	31	27	16
A:E:R:E	743	501	559	510	636	737	1916	57	44	50	52	47	83	6
A:D:S:D	425	303	405	369	507	420	953	1	1	0	0	0	0	1
A:D:S:E	441	411	542	344	551	478	1498	1	0	3	0	0	0	1
A:E:S:D	601	331	517	327	579	493	1333	16	13	124	157	25	16	122
A:E:S:E	570	427	671	399	515	585	894	28	53	132	40	43	29	9
A:D:T:D	205	164	168	170	175	204	495	0	0	0	0	0	0	0
A:D:T:E	190	138	191	133	175	147	266	0	0	0	0	0	0	0
A:E:T:D	221	175	233	174	212	198	396	2	4	1	1	1	7	8
A:E:T:E	260	143	368	243	357	280	740	15	13	3	33	0	3	7
A:D:V:D	427	265	435	447	415	366	969	2	1	0	0	0	2	1
A:D:V:E	378	320	366	325	526	360	1143	0	0	1	2	2	0	1
A:E:V:D	501	333	482	493	485	434	1205	36	42	94	18	49	15	65
A:E:V:E	573	343	552	426	537	484	914	63	51	93	72	61	54	2835
A:D:W:D	108	85	111	113	90	79	186	0	0	0	0	0	0	1
A:D:W:E	88	85	87	51	110	92	260	3	0	0	0	0	0	0
A:E:W:D	129	122	101	140	142	133	332	49	66	139	9	73	50	15
A:E:W:E	149	144	111	99	115	191	134	254	65	83	52	106	119	0
A:D:Y:D	136	91	159	93	93	102	385	0	0	0	0	0	0	1
A:D:Y:E	113	79	142	83	146	123	671	0	0	0	0	0	0	2
A:E:Y:D	165	108	171	99	153	124	533	0	0	0	0	5	0	1
A:E:Y:E	222	148	246	139	164	137	449	0	2	2	2	3	2	0
C:D:A:D	217	117	164	91	189	126	170	1	1	0	0	2	0	1
C:D:A:E	164	138	169	80	165	184	293	0	0	8	0	0	0	1
C:E:A:D	212	146	210	86	200	187	307	0	1	0	0	0	0	11
C:E:A:E	180	124	152	89	252	191	397	2	5	5	11	4	1	0
C:D:C:D	75	67	76	43	63	88	114	0	0	0	0	0	0	0
C:D:C:E	78	49	52	66	80	88	130	0	0	1	0	0	0	0
C:E:C:D	90	53	87	99	84	56	200	0	0	0	0	0	0	0
C:E:C:E	78	91	82	57	114	90	141	0	0	0	0	0	0	0
C:D:D:D	89	54	83	48	128	107	211	0	0	0	0	0	0	0
C:D:D:E	83	46	64	32	67	56	92	0	0	0	0	0	0	0
C:E:D:D	76	71	120	104	81	90	114	0	0	7	0	0	0	0
C:E:D:E	72	79	86	63	152	99	148	0	0	0	0	0	0	0
C:D:E:D	110	40	93	39	79	75	96	0	0	0	0	0	0	1
C:D:E:E	98	64	66	26	89	99	62	0	0	0	0	0	0	0
C:E:E:D	103	78	100	57	75	86	172	0	0	0	0	0	0	0
C:E:E:E	88	90	82	109	98	84	143	0	0	0	0	0	0	0
C:D:F:D	63	40	73	109	101	71	96	0	0	0	0	0	1	0
C:D:F:E	80	50	33	21	85	57	90	0	0	0	0	0	0	0
C:E:F:D	80	44	61	37	68	80	87	0	0	0	0	1	0	0
C:E:F:E	86	70	178	38	111	80	90	0	0	0	0	0	0	1
C:D:G:D	288	145	276	83	257	228	293	2	1	20	2	3	3	6
C:D:G:E	185	151	218	108	236	181	445	4	0	32	2	1	0	3
C:E:G:D	262	178	370	301	235	264	517	11	3	8	4	3	5	8
C:E:G:E	303	222	305	205	280	195	536	4	2	11	7	0	4	6
C:D:H:D	44	37	42	27	60	81	107	0	0	0	0	0	0	0
C:D:H:E	72	64	87	56	118	94	316	0	0	1	0	1	0	1
C:E:H:D	36	49	52	28	74	61	115	0	0	0	0	0	0	0
C:E:H:E	85	60	126	70	207	92	191	0	0	0	0	0	0	0
C:D:I:D	72	51	90	53	69	38	62	0	0	0	0	0	0	1
C:D:I:E	97	84	63	23	102	70	89	0	0	0	0	0	0	0
C:E:I:D	91	59	89	66	86	72	88	0	0	0	0	1	0	0
C:E:I:E	123	61	103	58	97	98	354	0	0	0	0	0	0	0
C:D:K:D	65	30	28	43	42	74	40	0	0	0	0	0	0	0
C:D:K:E	55	24	65	77	71	79	169	0	0	0	0	0	0	0
C:E:K:D	71	33	75	33	39	75	274	0	0	0	0	0	0	0
C:E:K:E	59	49	52	50	103	89	154	0	0	0	0	0	0	0
C:D:L:D	245	169	223	222	270	202	805	1	0	0	0	0	0	1
C:D:L:E	263	173	185	168	267	190	455	0	0	0	0	0	0	1
C:E:L:D	263	236	228	163	242	248	541	0	0	1	0	0	1	0
C:E:L:E	301	240	389	293	380	303	568	0	0	0	0	0	0	1
C:D:M:D	66	42	25	31	25	27	200	0	0	73	0	0	0	0
C:D:M:E	46	22	51	14	39	41	31	0	0	1	1	0	0	1
C:E:M:D	32	24	38	39	36	35	81	0	0	0	0	0	0	0
C:E:M:E	40	35	33	17	48	30	43	0	1	1	1	0	1	0
C:D:N:D	39	40	58	21	45	47	122	0	0	0	0	0	0	0
C:D:N:E	40	27	20	15	44	38	164	0	0	0	0	0	0	0
C:E:N:D	48	24	48	42	42	63	192	0	0	0	0	0	0	0
C:E:N:E	70	37	48	27	117	61	123	0	0	0	0	1	1	0
C:D:P:D	118	67	158	51	108	106	147	0	0	0	0	0	0	0
C:D:P:E	140	60	152	46	148	142	278	0	0	0	0	2	0	0
C:E:P:D	124	111	248	125	161	122	503	0	0	0	0	0	0	1
C:E:P:E	190	110	132	64	137	170	214	1	0	0	0	0	0	0
C:D:Q:D	97	46	110	25	75	51	58	0	0	0	0	0	0	0
C:D:Q:E	89	53	64	53	70	111	97	0	0	0	0	0	0	1
C:E:Q:D	97	60	73	76	76	121	81	0	0	9	0	0	0	0
C:E:Q:E	97	69	113	117	113	84	471	0	0	0	0	0	0	0
C:D:R:D	282	216	234	113	198	219	252	0	0	1	0	0	0	1
C:D:R:E	235	140	184	141	330	239	425	0	0	1	0	0	0	0
C:E:R:D	281	211	280	99	308	294	492	0	0	0	0	0	0	0
C:E:R:E	308	224	373	296	440	297	554	0	0	0	0	0	0	0
C:D:S:D	171	130	158	148	188	143	309	0	0	0	0	0	0	0
C:D:S:E	227	112	296	127	229	184	336	0	0	2	0	264	0	1
C:E:S:D	271	146	194	136	221	191	558	0	0	0	0	1	0	0
C:E:S:E	201	167	182	153	258	204	369	0	1	0	1	0	0	0
C:D:T:D	72	63	55	27	71	62	85	0	0	0	0	0	0	0
C:D:T:E	81	44	74	63	93	133	74	0	0	0	0	0	0	0
C:E:T:D	81	81	121	33	89	92	268	0	1	0	0	0	0	0
C:E:T:E	95	82	60	45	90	114	94	0	0	0	0	0	0	0
C:D:V:D	202	89	231	180	182	204	261	0	0	0	0	0	2	1
C:D:V:E	243	118	214	122	172	199	492	1	1	1	0	0	0	1
C:E:V:D	202	197	224	203	270	192	380	0	0	0	0	0	0	0
C:E:V:E	206	122	169	161	225	221	745	0	0	1	0	0	0	1
C:D:W:D	40	29	49	12	40	57	46	0	0	0	0	0	0	0
C:D:W:E	48	45	23	56	76	37	56	0	0	0	0	0	0	0
C:E:W:D	74	67	64	53	57	60	82	0	0	0	0	0	0	0
C:E:W:E	44	42	65	41	86	56	49	0	0	0	0	0	0	0
C:D:Y:D	65	33	42	54	50	43	77	0	0	0	0	0	0	0
C:D:Y:E	50	44	95	25	41	43	80	0	0	0	0	0	0	0
C:E:Y:D	72	81	45	36	41	42	82	0	0	0	0	0	0	0
C:E:Y:E	78	38	36	45	74	62	107	0	0	0	0	0	0	0
D:D:A:D	237	132	174	78	214	184	457	1	0	0	0	1	0	2
D:D:A:E	295	164	234	133	298	223	899	0	2	2	0	3	1	0
D:E:A:D	269	133	327	179	284	247	258	0	5	4	0	96	1	44
D:E:A:E	274	194	363	301	403	307	422	15	20	9	51	11	10	3
D:D:C:D	93	60	62	56	93	133	165	0	0	0	0	0	0	0
D:D:C:E	109	52	35	42	127	109	234	0	0	0	0	1	0	0
D:E:C:D	82	64	67	85	110	127	371	0	0	0	0	0	0	0
D:E:C:E	97	86	117	55	133	124	423	0	0	0	0	1	0	1
D:D:D:D	96	81	82	47	96	122	174	0	0	0	0	0	1	2
D:D:D:E	111	59	162	49	163	114	237	0	0	0	0	0	1	1
D:E:D:D	137	105	94	58	190	136	175	0	1	0	0	0	0	3
D:E:D:E	133	43	180	62	144	110	158	1	0	0	0	0	0	0
D:D:E:D	143	64	159	53	138	97	165	0	0	0	0	1	0	1
D:D:E:E	114	99	170	133	131	147	208	0	1	0	0	0	0	0
D:E:E:D	122	81	105	102	158	120	144	0	0	0	0	0	0	0
D:E:E:E	142	84	117	108	157	106	296	0	0	2	0	0	0	1
D:D:F:D	117	100	113	45	119	108	325	0	0	0	0	0	0	0
D:D:F:E	124	88	79	24	152	132	127	0	0	0	0	0	0	0
D:E:F:D	134	64	90	49	138	103	425	0	0	0	0	0	0	0
D:E:F:E	93	75	135	47	147	115	146	0	0	0	1	0	0	0
D:D:G:D	286	257	308	212	304	292	589	4	2	6	2	4	2	7
D:D:G:E	327	178	317	146	299	260	843	2	2	9	3	1	4	4
D:E:G:D	341	220	300	290	395	347	801	19	13	16	15	14	17	80
D:E:G:E	374	238	335	225	519	407	659	36	37	37	68	21	19	6
D:D:H:D	94	63	65	49	97	80	464	0	0	0	0	1	0	0
D:D:H:E	105	101	174	49	119	144	405	0	0	1	0	0	0	0
D:E:H:D	140	114	115	41	185	131	340	0	0	0	0	0	0	0
D:E:H:E	120	84	152	123	147	125	232	0	0	0	0	1	0	1
D:D:I:D	114	91	101	125	116	114	209	0	0	0	0	0	1	0
D:D:I:E	151	76	81	129	163	100	281	0	0	0	0	1	0	0
D:E:I:D	123	70	107	69	120	118	168	0	1	0	0	0	0	0
D:E:I:E	119	85	175	101	154	145	147	0	0	0	0	0	0	1
D:D:K:D	87	53	79	41	73	83	86	0	0	0	0	0	0	0
D:D:K:E	78	65	66	97	92	58	111	0	0	0	0	0	0	0
D:E:K:D	112	50	110	39	91	67	123	0	1	0	0	1	0	0
D:E:K:E	106	38	105	35	99	99	157	0	0	0	0	0	0	0
D:D:L:D	319	201	289	327	325	298	534	0	1	0	0	0	0	0
D:D:L:E	321	242	372	247	345	383	1109	0	0	0	0	1	0	0
D:E:L:D	377	254	387	339	415	361	1077	0	0	1	0	0	0	1
D:E:L:E	343	244	450	250	476	331	1120	0	1	0	1	4	0	3
D:D:M:D	31	22	86	20	89	51	79	0	0	0	0	110	0	0
D:D:M:E	36	35	56	20	51	91	78	1	1	0	0	0	0	0
D:E:M:D	52	59	43	85	73	48	67	0	0	0	0	0	0	0
D:E:M:E	69	41	35	84	60	71	124	0	1	0	8	0	0	0
D:D:N:D	92	43	88	24	54	79	245	0	0	0	0	0	0	0
D:D:N:E	61	40	76	35	42	58	310	0	0	0	0	0	0	0
D:E:N:D	90	69	50	78	94	55	116	0	0	0	0	0	0	0
D:E:N:E	85	44	51	32	75	66	304	0	0	0	0	0	0	0
D:D:P:D	205	165	302	105	180	214	261	0	0	0	0	1	0	0
D:D:P:E	182	181	205	181	198	191	323	0	0	0	0	0	0	0
D:E:P:D	187	143	353	106	225	167	408	0	1	0	0	0	1	0
D:E:P:E	224	191	233	122	238	235	295	0	0	0	0	0	0	0
D:D:Q:D	88	68	77	37	75	72	90	0	0	0	0	1	0	0
D:D:Q:E	136	62	64	75	117	77	165	0	0	0	0	0	0	0
D:E:Q:D	94	86	90	77	118	79	108	0	0	0	0	0	0	0
D:E:Q:E	138	136	92	138	115	106	167	0	0	0	0	0	1	0
D:D:R:D	270	163	229	199	286	340	744	0	0	2	0	2	0	1
D:D:R:E	342	220	313	170	352	316	807	1	0	0	0	1	0	0
D:E:R:D	340	244	365	191	398	322	738	0	0	0	0	0	0	0
D:E:R:E	416	263	376	243	415	382	851	0	0	1	0	0	1	2
D:D:S:D	253	210	308	208	289	276	1125	0	0	2	0	2	1	1
D:D:S:E	340	219	306	105	365	312	520	0	2	0	0	0	1	0
D:E:S:D	287	210	356	156	379	263	430	0	0	0	0	0	0	1
D:E:S:E	326	265	442	188	341	277	631	0	0	0	0	1	1	0
D:D:T:D	115	83	90	34	101	106	259	0	0	0	0	0	0	0
D:D:T:E	134	91	82	55	133	197	305	0	0	0	0	0	0	0
D:E:T:D	164	60	111	100	107	110	282	0	0	0	0	2	0	0
D:E:T:E	106	84	182	46	117	127	127	0	0	0	0	0	0	0
D:D:V:D	250	153	250	164	320	246	453	0	1	0	0	1	0	0
D:D:V:E	296	152	332	142	320	228	405	0	0	0	0	82	0	1
D:E:V:D	321	202	311	279	398	265	745	0	0	1	1	1	0	2
D:E:V:E	292	172	368	212	386	316	422	0	0	1	1	1	1	5
D:D:W:D	73	46	108	33	49	78	119	1	0	0	0	0	0	0
D:D:W:E	68	73	85	80	90	72	123	0	0	0	0	0	0	0
D:E:W:D	89	44	132	64	96	91	84	0	0	0	0	1	0	0
D:E:W:E	73	64	46	87	101	71	194	0	1	0	0	0	9	0
D:D:Y:D	78	63	70	101	89	94	132	0	0	0	0	0	0	0
D:D:Y:E	116	81	134	55	90	98	613	0	0	1	0	0	0	1
D:E:Y:D	59	43	106	31	75	75	130	0	0	0	0	0	0	0
D:E:Y:E	98	43	98	120	163	80	111	0	0	0	0	0	0	0
E:D:A:D	193	138	241	205	215	189	405	0	0	1	0	0	1	3
E:D:A:E	265	176	162	125	257	265	307	2	2	2	1	0	2	0
E:E:A:D	196	189	194	264	246	160	540	2	4	0	0	3	1	4
E:E:A:E	323	187	213	185	247	239	301	12	4	8	18	15	14	1
E:D:C:D	73	41	85	93	89	113	153	0	0	0	0	1	0	0
E:D:C:E	97	42	111	118	81	93	405	0	0	0	0	0	0	0
E:E:C:D	71	53	88	87	104	62	386	0	1	0	0	0	0	0
E:E:C:E	110	75	64	71	116	68	455	0	0	0	0	0	0	0
E:D:D:D	103	48	102	95	79	85	142	0	0	0	0	0	0	0
E:D:D:E	99	52	95	97	82	100	197	0	0	0	0	0	0	1
E:E:D:D	116	103	137	101	126	76	501	0	0	0	0	0	0	2
E:E:D:E	103	69	89	143	123	80	139	0	0	0	0	0	0	1
E:D:E:D	96	90	115	75	128	94	311	0	0	0	0	0	0	1
E:D:E:E	104	75	125	200	85	134	266	0	0	0	0	1	0	0
E:E:E:D	106	95	137	192	157	94	170	0	0	0	0	0	0	0
E:E:E:E	98	113	71	106	132	79	129	0	0	0	1	0	1	0
E:D:F:D	99	54	65	122	90	80	291	0	0	0	0	0	0	0
E:D:F:E	94	93	114	33	104	82	119	0	0	0	0	0	0	0
E:E:F:D	87	56	155	94	118	63	132	0	0	0	0	0	0	0
E:E:F:E	113	107	104	95	114	115	167	0	0	0	0	0	0	0
E:D:G:D	345	177	314	269	285	197	894	7	3	4	1	5	1	1
E:D:G:E	275	179	385	225	287	309	815	2	4	8	3	4	2	3
E:E:G:D	374	301	304	294	346	226	774	12	9	18	10	7	8	8
E:E:G:E	254	230	281	159	263	336	668	27	27	52	30	22	32	10
E:D:H:D	100	77	120	43	114	56	172	0	0	0	0	0	0	0
E:D:H:E	91	51	137	92	112	73	204	0	0	0	0	0	0	0
E:E:H:D	98	59	149	102	109	99	223	0	0	0	0	0	0	0
E:E:H:E	84	64	88	81	155	138	248	0	0	0	0	0	0	0
E:D:I:D	105	113	107	102	95	82	127	0	0	0	0	0	0	0
E:D:I:E	150	83	143	147	134	152	206	0	0	0	0	1	0	0
E:E:I:D	102	46	100	82	113	75	106	0	0	0	0	1	0	0
E:E:I:E	141	75	63	161	114	128	133	0	0	0	0	0	0	1
E:D:K:D	50	38	83	34	47	75	107	0	0	0	0	0	0	0
E:D:K:E	61	29	58	51	73	69	100	0	0	0	0	0	1	0
E:E:K:D	104	57	91	44	83	89	285	0	0	0	0	0	1	0
E:E:K:E	71	74	63	45	78	77	109	0	0	0	0	0	0	0
E:D:L:D	297	167	323	238	281	320	581	0	1	0	0	1	0	1
E:D:L:E	365	209	298	250	309	238	558	0	0	0	0	0	2	1
E:E:L:D	314	212	352	251	400	284	463	1	0	1	0	1	0	0
E:E:L:E	345	285	325	157	354	336	608	0	0	1	0	0	0	0
E:D:M:D	35	12	52	37	50	25	59	0	0	0	0	0	0	0
E:D:M:E	34	25	43	21	37	47	56	1	0	1	0	0	0	0
E:E:M:D	27	29	34	29	28	38	53	0	0	0	0	0	0	0
E:E:M:E	40	38	44	35	43	35	63	0	0	0	2	0	0	1
E:D:N:D	64	34	98	27	65	68	93	0	0	0	0	0	0	1
E:D:N:E	57	43	69	165	69	65	104	0	0	0	0	0	0	0
E:E:N:D	57	65	109	63	84	75	98	0	0	0	0	0	0	0
E:E:N:E	65	53	71	38	124	39	123	0	0	0	0	0	0	0
E:D:P:D	133	92	116	140	148	138	688	0	0	0	0	0	0	0
E:D:P:E	190	130	143	107	194	186	524	0	0	0	0	0	1	0
E:E:P:D	212	143	167	134	213	141	428	0	0	0	0	0	0	0
E:E:P:E	224	163	251	201	295	164	659	0	0	0	0	0	0	0
E:D:Q:D	66	94	99	103	119	105	267	0	0	0	0	0	1	1
E:D:Q:E	111	50	87	161	84	86	171	0	0	0	0	0	0	0
E:E:Q:D	101	86	86	86	97	143	197	0	0	0	0	0	0	0
E:E:Q:E	99	68	80	81	99	100	248	0	0	0	0	0	0	0
E:D:R:D	230	183	232	281	246	267	755	0	0	0	0	0	1	2
E:D:R:E	351	185	300	310	334	330	922	0	0	0	0	0	0	0
E:E:R:D	346	241	256	228	347	262	522	0	0	0	0	2	0	1
E:E:R:E	343	249	292	402	387	318	1140	0	1	0	0	1	0	0
E:D:S:D	297	155	187	187	219	207	522	1	0	0	0	1	0	0
E:D:S:E	293	178	270	232	274	227	448	1	0	0	0	0	0	0
E:E:S:D	232	156	261	192	240	246	380	0	0	0	1	0	0	1
E:E:S:E	314	240	325	250	285	256	827	0	0	0	0	0	0	0
E:D:T:D	111	59	97	82	98	89	169	0	0	1	0	1	0	1
E:D:T:E	130	102	131	121	124	130	304	0	0	0	0	0	1	0
E:E:T:D	71	64	103	126	135	96	287	0	0	0	0	0	0	0
E:E:T:E	149	83	166	59	121	139	230	0	0	1	0	0	0	0
E:D:V:D	208	121	245	188	200	210	442	0	1	0	0	0	0	0
E:D:V:E	226	174	207	249	235	172	319	0	0	0	0	0	0	0
E:E:V:D	280	181	305	356	273	257	683	0	1	0	0	3	0	0
E:E:V:E	237	256	273	191	320	264	460	0	0	1	0	2	0	2
E:D:W:D	46	56	53	125	71	75	213	0	0	0	0	0	0	0
E:D:W:E	58	44	101	45	66	68	67	0	1	0	0	0	0	0
E:E:W:D	82	80	114	76	90	97	88	0	0	0	0	0	0	1
E:E:W:E	76	54	88	50	78	63	136	0	0	1	0	1	0	0
E:D:Y:D	101	49	82	37	112	75	106	0	0	0	0	0	0	0
E:D:Y:E	95	68	105	77	54	74	121	0	0	0	0	0	0	0
E:E:Y:D	67	74	72	47	103	47	108	0	0	0	0	0	0	0
E:E:Y:E	104	74	58	88	82	63	142	0	0	1	0	0	0	0
F:D:A:D	74	55	112	54	130	114	150	0	1	0	0	1	0	1
F:D:A:E	121	86	157	136	96	141	132	1	1	1	1	0	0	2
F:E:A:D	178	96	115	59	162	86	288	0	0	1	0	1	0	0
F:E:A:E	136	76	85	138	173	126	181	2	1	7	0	0	0	1
F:D:C:D	35	33	63	24	58	49	150	0	0	0	0	0	0	1
F:D:C:E	57	58	78	41	83	67	105	0	0	0	0	0	0	0
F:E:C:D	41	41	77	71	47	60	176	0	0	0	0	0	0	0
F:E:C:E	100	37	94	39	79	68	147	0	0	0	0	0	0	0
F:D:D:D	56	42	89	76	52	37	199	0	0	0	0	0	0	0
F:D:D:E	60	29	76	44	55	36	84	0	0	0	0	0	0	0
F:E:D:D	64	55	79	31	91	103	283	0	0	0	0	0	1	0
F:E:D:E	67	31	47	73	70	63	100	0	0	0	0	0	0	0
F:D:E:D	63	42	101	43	39	40	71	0	0	0	0	0	0	0
F:D:E:E	45	32	87	112	64	56	47	0	0	0	0	0	0	0
F:E:E:D	61	57	104	93	124	75	82	0	0	0	0	0	0	0
F:E:E:E	65	36	63	40	93	60	76	0	0	0	0	1	0	0
F:D:F:D	58	28	28	45	56	60	65	0	0	0	0	0	0	0
F:D:F:E	41	39	75	42	59	53	64	0	0	0	0	0	0	0
F:E:F:D	45	35	94	77	57	52	69	0	0	0	0	0	0	0
F:E:F:E	62	42	76	50	129	54	118	1	0	0	0	0	1	0
F:D:G:D	159	100	147	87	245	123	498	3	2	3	0	1	0	1
F:D:G:E	163	115	264	171	161	167	322	2	1	4	4	0	0	1
F:E:G:D	188	123	247	264	270	192	707	4	1	17	1	1	2	9
F:E:G:E	177	104	198	188	215	197	293	4	3	16	4	1	0	2
F:D:H:D	58	65	44	38	58	23	84	0	0	0	0	0	0	0
F:D:H:E	70	33	62	46	64	80	140	0	0	0	0	1	0	1
F:E:H:D	32	26	16	20	49	54	222	0	0	0	0	0	1	0
F:E:H:E	88	52	71	59	75	73	158	0	0	0	0	0	0	1
F:D:I:D	46	33	66	50	60	81	94	0	0	0	0	0	0	0
F:D:I:E	75	46	154	84	72	43	116	0	0	0	0	0	0	0
F:E:I:D	50	51	52	20	69	69	79	0	0	0	0	0	0	0
F:E:I:E	71	37	95	107	98	78	86	0	0	0	0	0	0	0
F:D:K:D	40	21	36	61	44	25	32	0	0	0	0	0	0	0
F:D:K:E	33	25	66	29	24	64	47	0	0	0	0	0	1	0
F:E:K:D	38	30	19	22	39	46	52	0	0	1	0	0	0	0
F:E:K:E	49	34	28	20	62	63	45	1	0	50	0	0	0	0
F:D:L:D	180	121	230	158	189	136	222	0	0	0	0	0	0	1
F:D:L:E	145	94	130	137	139	111	255	1	0	0	0	0	0	0
F:E:L:D	177	100	218	190	236	210	404	0	0	0	0	0	1	0
F:E:L:E	134	200	230	114	222	262	510	0	0	0	0	0	0	0
F:D:M:D	15	18	39	43	33	13	26	0	0	0	0	0	1	0
F:D:M:E	30	20	68	13	52	39	46	0	0	0	0	1	0	0
F:E:M:D	22	12	32	13	40	24	141	0	0	0	0	0	0	1
F:E:M:E	35	20	77	17	17	29	141	0	1	0	0	0	0	0
F:D:N:D	20	24	36	24	23	34	39	0	0	0	0	0	0	0
F:D:N:E	24	15	31	62	27	19	66	0	0	0	0	0	0	0
F:E:N:D	27	19	24	26	34	39	53	0	1	0	0	0	0	0
F:E:N:E	28	25	56	47	40	41	144	0	0	0	0	0	0	0
F:D:P:D	84	40	87	138	95	48	129	0	0	0	0	0	1	1
F:D:P:E	80	97	76	44	103	68	229	0	0	0	0	0	0	1
F:E:P:D	117	72	132	125	98	135	188	0	0	0	0	0	0	0
F:E:P:E	122	85	93	101	155	202	218	0	0	0	0	0	0	0
F:D:Q:D	53	26	17	68	37	24	49	0	0	0	0	0	0	0
F:D:Q:E	47	25	35	51	53	36	80	0	0	0	0	0	0	0
F:E:Q:D	36	42	44	59	43	63	52	0	0	0	0	0	0	0
F:E:Q:E	91	48	54	29	74	87	173	0	0	0	0	0	0	0
F:D:R:D	154	91	224	201	181	135	556	0	0	0	0	0	0	0
F:D:R:E	166	102	174	148	175	175	551	0	0	0	0	1	0	1
F:E:R:D	205	144	191	171	199	208	285	0	0	0	1	0	0	1
F:E:R:E	266	149	209	157	265	191	668	0	0	0	0	0	0	0
F:D:S:D	132	90	123	107	122	97	242	0	0	0	0	0	0	0
F:D:S:E	148	109	179	85	184	148	604	0	0	0	1	2	1	0
F:E:S:D	122	77	147	104	139	198	514	0	0	1	0	0	0	0
F:E:S:E	167	104	163	86	200	166	348	0	0	0	1	0	0	0
F:D:T:D	45	36	84	26	66	31	271	0	0	0	0	0	1	0
F:D:T:E	52	59	41	83	54	39	64	0	0	0	0	0	0	0
F:E:T:D	39	87	105	29	89	59	231	0	0	0	0	0	0	0
F:E:T:E	78	48	90	28	64	88	89	0	0	0	0	0	0	0
F:D:V:D	117	159	163	62	110	104	150	0	0	0	0	1	0	1
F:D:V:E	175	85	124	156	182	158	452	0	0	0	0	1	1	1
F:E:V:D	138	82	197	76	167	167	305	0	0	0	0	0	1	0
F:E:V:E	186	144	133	72	225	205	408	0	0	0	0	0	0	5
F:D:W:D	23	29	44	15	35	53	35	0	0	0	0	0	0	0
F:D:W:E	29	58	30	36	71	32	27	0	0	0	0	0	0	0
F:E:W:D	41	13	54	36	56	43	140	0	0	0	0	0	0	0
F:E:W:E	66	25	46	56	38	45	247	0	0	0	0	0	0	0
F:D:Y:D	35	47	24	20	35	26	53	0	0	0	0	0	0	0
F:D:Y:E	34	18	31	28	46	27	63	0	0	0	0	0	0	0
F:E:Y:D	42	45	29	25	47	36	88	0	0	0	0	0	0	0
F:E:Y:E	59	34	123	106	34	46	77	0	0	0	0	0	0	0
G:D:A:D	320	236	273	217	344	228	540	1	0	0	1	3	0	6
G:D:A:E	326	266	363	209	379	321	758	22	8	5	16	131	138	1
G:E:A:D	402	257	259	260	423	334	583	2736	8105	1674	1448	906	735	44530
G:E:A:E	458	266	435	417	541	387	979	30219	28160	14073	53858	19591	25292	85
G:D:C:D	118	84	154	93	144	153	261	0	0	0	0	0	0	0
G:D:C:E	186	112	135	136	156	153	592	0	0	0	0	1	0	0
G:E:C:D	159	73	114	66	149	141	238	17	10	4	26	6	10	99
G:E:C:E	224	118	139	111	128	135	347	12	17	55	33	6	15	9
G:D:D:D	174	104	123	96	150	140	340	0	0	0	0	0	0	2
G:D:D:E	179	90	156	89	182	135	622	0	0	0	0	0	0	0
G:E:D:D	211	180	221	168	181	198	301	13	12	8	8	5	10	45
G:E:D:E	203	76	158	105	214	177	251	16	15	23	19	4	26	4
G:D:E:D	157	104	139	54	162	141	279	1	0	0	0	0	0	0
G:D:E:E	165	174	323	141	168	177	212	1	0	0	0	0	0	1
G:E:E:D	193	134	196	117	182	186	203	16	10	12	9	10	4	11
G:E:E:E	234	173	219	306	192	187	189	26	13	16	52	6	16	12
G:D:F:D	116	116	136	163	120	92	212	0	0	0	1	0	0	0
G:D:F:E	200	99	127	125	166	159	272	0	0	0	0	0	1	1
G:E:F:D	154	91	197	78	158	145	221	0	1	1	0	0	1	1
G:E:F:E	187	172	227	202	251	134	225	2	147	0	1	0	1	1
G:D:G:D	437	322	468	243	621	462	854	17	5	5	8	3	10	18
G:D:G:E	485	350	492	359	520	444	895	32	9	22	24	8	15	10
G:E:G:D	554	407	461	312	558	429	993	21733	13969	10596	17890	2533	10830	41819
G:E:G:E	645	424	541	569	532	514	1817	25491	20059	32328	54819	5131	25014	5731
G:D:H:D	123	109	127	96	161	135	295	0	0	0	0	0	0	2
G:D:H:E	99	98	241	186	136	144	392	0	0	1	0	0	0	0
G:E:H:D	156	141	118	74	172	136	404	0	0	2	0	0	0	0
G:E:H:E	179	109	252	91	162	144	246	1	0	37	0	0	1	0
G:D:I:D	144	80	167	112	155	159	392	0	0	0	0	0	0	0
G:D:I:E	144	134	134	140	194	170	334	0	0	0	0	0	0	0
G:E:I:D	169	94	179	147	194	175	189	0	0	0	1	3	12	0
G:E:I:E	225	145	181	139	228	183	353	15	0	0	119	4	0	0
G:D:K:D	92	81	91	107	100	119	181	0	0	1	0	0	1	0
G:D:K:E	125	68	191	49	136	117	254	0	0	1	0	0	0	1
G:E:K:D	105	84	182	144	118	87	120	0	0	0	0	0	1	1
G:E:K:E	128	120	80	81	96	149	256	83	0	10	4	0	1	0
G:D:L:D	401	312	426	370	420	499	1134	1	0	0	0	0	1	0
G:D:L:E	454	389	439	362	494	503	1099	0	0	0	0	0	1	0
G:E:L:D	554	376	481	397	526	532	691	2	190	0	1	5	6	3
G:E:L:E	530	308	491	375	614	523	1223	0	36	209	5	4	10	2
G:D:M:D	73	24	64	65	56	51	335	0	0	1	0	0	0	0
G:D:M:E	105	59	81	105	98	93	219	0	0	1	29	0	0	0
G:E:M:D	107	93	109	67	90	74	270	4	0	14	5	0	2	0
G:E:M:E	63	58	110	50	115	68	155	16	6	7	8463	1	0	2
G:D:N:D	122	85	85	114	68	66	212	0	0	0	0	0	0	0
G:D:N:E	98	71	153	39	135	77	188	0	0	0	0	0	0	0
G:E:N:D	139	70	69	55	117	81	120	0	0	0	0	2	1	1
G:E:N:E	134	109	156	165	158	116	273	0	0	0	0	0	0	0
G:D:P:D	262	134	208	124	231	202	916	0	0	0	0	0	2	1
G:D:P:E	275	224	275	170	252	282	1126	0	0	0	0	0	0	1
G:E:P:D	344	202	222	181	311	249	421	1	2	0	22	2	1	7
G:E:P:E	277	237	269	177	239	309	415	100	4	2	7	2	4	0
G:D:Q:D	134	100	146	73	145	150	336	0	0	1	0	0	0	0
G:D:Q:E	170	106	204	142	136	136	583	0	0	0	0	0	0	0
G:E:Q:D	133	103	126	75	143	173	167	9	0	4	0	1	2	166
G:E:Q:E	186	121	83	241	195	151	552	0	0	1	2	2	0	0
G:D:R:D	537	353	519	360	572	521	1432	0	0	1	0	1	1	0
G:D:R:E	615	367	498	272	573	574	1698	0	0	0	0	3	2	0
G:E:R:D	528	365	413	494	521	462	836	47	5	134	18	4	5	10
G:E:R:E	492	357	468	394	576	512	1244	31	13	21	56	3	35	15
G:D:S:D	333	224	285	167	358	286	921	0	0	0	1	0	0	0
G:D:S:E	495	350	394	208	381	417	920	0	0	0	0	1	1	2
G:E:S:D	427	309	397	304	458	371	1074	16	11	32	196	3	7	73
G:E:S:E	493	332	411	401	434	456	1207	23	41	74	41	20	20	7
G:D:T:D	129	96	112	56	159	98	243	0	0	0	0	0	0	0
G:D:T:E	191	169	275	127	199	122	266	1	0	0	0	0	1	1
G:E:T:D	170	119	162	151	208	140	251	3	7	2	5	2	2	36
G:E:T:E	210	136	136	186	218	184	313	37	26	11	67	20	32	0
G:D:V:D	394	307	400	253	453	371	940	2	0	0	0	2	1	0
G:D:V:E	459	325	410	269	501	390	1099	0	0	0	0	3	4	3
G:E:V:D	439	282	424	322	426	389	1067	27	16	22	15	7	6	88
G:E:V:E	539	285	468	341	459	429	645	55	44	74	128	21	39	2237
G:D:W:D	98	56	90	38	97	106	123	0	0	0	0	0	0	1
G:D:W:E	87	51	88	42	85	88	114	0	2	0	0	0	0	0
G:E:W:D	125	48	94	79	104	174	115	38	12	28	12	1	12	2
G:E:W:E	143	68	54	62	130	107	123	186	19	75	53	3	33	4
G:D:Y:D	138	98	133	86	108	86	190	0	0	0	0	0	0	0
G:D:Y:E	121	63	130	59	162	102	211	0	0	0	0	0	0	0
G:E:Y:D	139	106	118	138	145	116	176	0	0	0	0	2	0	1
G:E:Y:E	196	115	110	124	169	112	367	0	0	0	1	0	0	0
H:D:A:D	263	138	218	327	323	186	399	0	0	1	0	0	0	1
H:D:A:E	265	142	267	221	274	242	264	26	0	7	5	1	0	0
H:E:A:D	253	198	243	194	265	227	292	1	7	0	0	3	0	2
H:E:A:E	278	211	206	186	369	275	517	4	31	7	2	5	0	1
H:D:C:D	109	98	99	50	79	106	110	0	0	0	0	0	1	0
H:D:C:E	155	64	120	108	164	126	161	1	0	0	0	1	0	0
H:E:C:D	147	105	87	69	93	110	173	0	0	0	0	0	0	0
H:E:C:E	101	64	109	43	129	95	198	0	1	1	0	0	0	0
H:D:D:D	103	57	158	46	125	104	133	0	0	0	0	0	0	0
H:D:D:E	159	85	156	124	106	144	198	0	0	0	0	0	0	1
H:E:D:D	151	90	81	58	111	123	279	0	0	0	0	0	0	0
H:E:D:E	120	104	222	46	110	140	239	0	0	0	0	0	0	0
H:D:E:D	110	100	160	161	132	106	112	0	0	0	0	0	1	1
H:D:E:E	159	73	126	90	181	156	120	0	0	0	0	0	0	0
H:E:E:D	155	120	239	142	182	205	206	0	0	0	0	0	0	1
H:E:E:E	168	115	180	71	149	118	369	1	1	0	0	0	0	0
H:D:F:D	134	72	104	54	98	87	122	1	0	1	0	0	2	0
H:D:F:E	99	119	127	54	134	107	110	0	0	0	0	0	0	0
H:E:F:D	105	83	165	76	133	184	113	0	1	0	0	2	0	0
H:E:F:E	118	109	115	122	162	152	289	0	0	0	0	0	0	0
H:D:G:D	300	233	339	212	364	300	612	22	2	4	5	3	1	2
H:D:G:E	410	259	310	357	371	312	525	49	2	4	13	0	0	6
H:E:G:D	407	259	361	324	376	287	567	12	30	26	2	9	3	4
H:E:G:E	346	212	303	300	318	352	706	44	52	25	3	12	0	2
H:D:H:D	82	62	96	69	188	103	135	0	0	0	0	0	0	0
H:D:H:E	78	73	115	81	139	142	121	0	0	0	0	0	0	0
H:E:H:D	96	78	90	46	108	94	176	0	0	0	0	0	0	0
H:E:H:E	120	99	105	45	74	125	188	0	0	0	0	0	0	0
H:D:I:D	96	80	105	166	121	125	324	0	0	0	0	0	1	0
H:D:I:E	121	108	133	93	191	112	112	1	0	0	0	0	0	0
H:E:I:D	132	100	144	57	130	134	198	0	0	0	0	0	1	0
H:E:I:E	152	101	126	71	176	126	136	0	0	0	0	2	0	1
H:D:K:D	92	52	110	73	72	65	66	0	0	0	0	0	0	0
H:D:K:E	90	65	109	33	78	72	71	1	0	0	0	0	0	0
H:E:K:D	77	49	70	77	61	96	105	0	0	0	0	0	0	0
H:E:K:E	122	93	116	31	90	80	124	1	0	0	0	0	0	0
H:D:L:D	392	188	276	215	380	346	391	1	0	0	0	0	0	1
H:D:L:E	369	229	358	296	386	290	675	0	0	0	0	1	0	0
H:E:L:D	464	287	313	258	404	405	555	0	1	0	0	588	1	1
H:E:L:E	369	366	593	333	385	344	596	0	98	0	0	3	1	2
H:D:M:D	41	51	51	39	41	64	133	0	0	0	0	0	0	0
H:D:M:E	51	34	48	38	60	41	47	0	0	0	14	0	0	0
H:E:M:D	49	26	92	55	58	33	55	0	0	0	0	1	0	0
H:E:M:E	78	68	87	44	62	57	331	0	1	0	0	0	0	0
H:D:N:D	58	49	78	45	66	57	81	0	0	0	0	0	0	0
H:D:N:E	127	59	98	84	68	60	178	0	0	0	0	0	0	0
H:E:N:D	95	71	66	160	84	88	257	0	0	0	0	0	0	0
H:E:N:E	85	49	87	36	128	120	107	0	0	0	0	0	0	0
H:D:P:D	193	135	231	98	188	206	397	0	0	0	0	0	0	0
H:D:P:E	186	156	264	126	232	184	310	1	0	0	0	0	0	0
H:E:P:D	226	178	184	137	270	189	334	0	0	0	0	0	0	0
H:E:P:E	240	185	266	157	213	258	452	0	3	0	0	0	0	1
H:D:Q:D	96	58	151	42	135	87	209	0	0	0	0	0	0	0
H:D:Q:E	145	61	159	82	161	127	237	0	0	0	0	0	0	1
H:E:Q:D	159	109	127	121	139	124	503	0	0	0	0	0	0	0
H:E:Q:E	139	116	145	95	174	122	228	0	0	0	0	0	0	0
H:D:R:D	367	211	407	301	364	366	847	117	0	0	1	0	1	0
H:D:R:E	431	227	287	236	368	382	804	0	0	0	0	0	0	0
H:E:R:D	379	261	378	250	456	417	1089	0	1	0	1	0	1	1
H:E:R:E	494	325	483	216	394	419	978	0	0	0	0	0	0	0
H:D:S:D	275	202	309	200	299	277	435	0	0	0	0	0	0	1
H:D:S:E	299	251	233	280	343	269	474	1	0	0	0	0	0	0
H:E:S:D	337	187	350	161	309	286	787	0	0	1	0	3	0	2
H:E:S:E	362	243	327	290	390	367	857	0	0	0	0	0	2	1
H:D:T:D	85	65	104	58	111	70	122	0	0	1	0	0	0	0
H:D:T:E	153	107	161	114	129	124	269	1	0	0	0	0	0	0
H:E:T:D	157	55	63	76	143	94	238	0	0	0	0	0	0	0
H:E:T:E	124	114	165	73	99	124	150	0	0	0	0	0	0	2
H:D:V:D	273	187	278	145	319	280	541	0	0	0	0	1	1	1
H:D:V:E	297	205	262	174	278	260	377	0	0	0	0	1	0	2
H:E:V:D	323	222	300	144	312	287	370	0	0	0	0	0	0	0
H:E:V:E	360	271	386	215	386	354	809	0	0	49	0	1	0	1
H:D:W:D	78	58	82	123	66	65	69	1	0	0	0	0	0	0
H:D:W:E	55	41	34	26	46	76	54	1	0	0	0	0	0	0
H:E:W:D	83	74	113	37	86	82	291	0	0	0	0	1	0	0
H:E:W:E	104	58	71	47	97	82	285	0	0	0	0	0	0	0
H:D:Y:D	80	80	70	56	69	98	143	0	0	0	0	0	0	0
H:D:Y:E	105	45	48	58	126	96	183	0	0	0	0	0	0	1
H:E:Y:D	109	85	114	71	95	110	126	0	0	0	0	0	0	1
H:E:Y:E	142	102	114	124	153	81	134	0	0	0	0	0	0	0
I:D:A:D	239	143	166	144	265	227	455	0	0	0	0	0	3	3
I:D:A:E	261	153	220	240	262	266	337	5	2	3	1	1	0	1
I:E:A:D	228	202	199	110	259	261	1001	0	0	3	2	0	3	1338
I:E:A:E	249	197	273	197	371	312	697	4	1	5	110	1	1	41
I:D:C:D	93	43	62	57	105	85	119	0	0	0	0	1	0	0
I:D:C:E	97	83	80	67	139	107	308	0	0	0	0	0	0	1
I:E:C:D	80	87	79	104	133	71	319	0	0	1	0	0	0	6
I:E:C:E	87	61	139	44	120	160	306	0	0	2	0	1	0	7
I:D:D:D	122	79	80	97	137	158	419	0	0	0	0	1	0	0
I:D:D:E	113	56	125	83	142	93	146	0	0	0	0	0	0	0
I:E:D:D	94	87	117	106	152	119	709	0	0	0	0	0	0	5
I:E:D:E	123	93	128	85	131	152	243	0	0	0	0	0	1	0
I:D:E:D	147	73	115	128	206	141	238	0	0	0	0	0	0	0
I:D:E:E	137	94	118	121	130	122	241	0	0	1	0	0	0	0
I:E:E:D	126	108	76	70	133	116	320	0	0	1	0	1	0	1
I:E:E:E	164	104	132	119	118	139	352	0	0	0	0	0	0	11
I:D:F:D	110	47	110	66	141	90	161	0	0	0	0	0	0	0
I:D:F:E	153	113	56	70	143	94	192	0	0	0	0	0	0	0
I:E:F:D	93	77	116	155	117	86	313	0	0	0	0	0	0	0
I:E:F:E	82	84	119	56	117	134	318	0	0	0	0	0	0	1
I:D:G:D	308	201	252	292	353	315	505	5	3	3	2	0	2	5
I:D:G:E	339	216	309	185	292	325	928	5	4	8	4	2	0	4
I:E:G:D	301	274	293	286	507	393	1101	2	4	7	56	6	5	3632
I:E:G:E	278	250	429	240	380	373	1182	4	4	15	160	4	4	302
I:D:H:D	104	76	122	56	120	88	137	0	0	0	1	0	0	1
I:D:H:E	134	53	134	120	90	112	150	0	0	0	0	0	0	0
I:E:H:D	95	67	49	29	94	86	290	0	0	0	0	0	1	0
I:E:H:E	110	93	100	64	115	115	509	0	0	1	0	0	0	0
I:D:I:D	139	95	86	132	129	118	149	0	0	0	0	0	0	0
I:D:I:E	147	118	197	72	140	190	176	0	0	0	0	0	0	0
I:E:I:D	106	113	218	53	105	119	162	0	0	2	0	0	1	1
I:E:I:E	151	110	125	173	198	145	352	0	0	0	1	0	0	0
I:D:K:D	83	33	82	34	63	58	187	0	0	0	0	1	0	1
I:D:K:E	67	35	104	33	85	115	97	0	0	0	0	0	0	0
I:E:K:D	79	54	53	58	54	59	203	0	0	0	0	0	0	0
I:E:K:E	111	55	50	65	118	100	210	0	0	0	0	0	0	0
I:D:L:D	368	190	278	260	341	298	658	0	0	0	0	0	0	1
I:D:L:E	344	228	305	262	437	352	719	0	0	0	0	2	0	0
I:E:L:D	310	299	385	199	328	373	1286	0	0	1	1	0	0	2
I:E:L:E	336	255	343	197	407	386	1797	1	0	1	0	0	0	4
I:D:M:D	32	30	40	16	36	49	61	0	0	0	0	0	0	1
I:D:M:E	43	29	39	40	49	49	44	0	0	0	0	0	0	0
I:E:M:D	33	33	36	13	65	29	136	0	0	0	0	0	0	0
I:E:M:E	66	84	55	48	44	65	145	1	0	0	36	0	1	24
I:D:N:D	88	53	126	55	122	92	327	0	0	0	0	0	0	1
I:D:N:E	101	87	50	67	83	84	121	0	0	0	0	0	0	0
I:E:N:D	70	61	65	61	59	80	165	0	0	0	0	0	1	0
I:E:N:E	68	49	92	54	75	60	230	0	0	0	0	0	0	0
I:D:P:D	223	126	205	116	218	169	523	0	1	0	0	0	0	0
I:D:P:E	217	168	169	161	201	179	416	0	0	0	0	0	1	0
I:E:P:D	132	169	219	117	238	194	393	0	1	0	2	0	2	0
I:E:P:E	188	133	162	134	193	223	679	0	0	0	0	0	1	1
I:D:Q:D	93	79	103	41	107	107	89	0	0	0	0	0	0	0
I:D:Q:E	132	74	155	97	152	99	150	0	0	0	0	0	0	0
I:E:Q:D	67	84	51	85	116	107	130	0	0	0	0	0	0	39
I:E:Q:E	119	144	83	55	128	150	355	0	0	0	0	0	0	0
I:D:R:D	313	225	283	333	406	443	990	0	0	0	0	0	1	2
I:D:R:E	370	238	301	323	399	329	876	0	0	1	0	1	0	1
I:E:R:D	370	266	300	202	399	363	974	0	0	0	1	0	0	0
I:E:R:E	347	279	406	210	486	417	1184	0	0	0	0	0	0	1
I:D:S:D	350	210	333	173	316	351	686	0	0	0	0	0	0	0
I:D:S:E	332	209	395	257	364	321	422	0	0	0	0	0	0	1
I:E:S:D	292	172	263	146	393	286	816	1	0	0	353	0	0	7
I:E:S:E	324	331	415	271	356	351	895	0	0	0	1	0	0	2
I:D:T:D	158	65	101	183	132	89	116	0	0	0	0	1	0	0
I:D:T:E	120	82	101	146	149	157	102	0	0	0	1	0	0	1
I:E:T:D	110	93	123	93	126	112	310	0	0	0	0	1	0	4
I:E:T:E	122	129	142	41	148	131	208	0	0	0	0	0	0	2
I:D:V:D	297	177	304	159	354	313	352	0	0	0	0	0	0	0
I:D:V:E	285	182	210	199	248	301	504	0	0	0	0	0	1	2
I:E:V:D	242	182	244	225	328	347	946	0	0	0	1	1	0	25
I:E:V:E	251	290	271	347	346	308	938	0	0	5	0	13	8	17933
I:D:W:D	95	46	101	123	97	57	176	0	0	0	0	0	1	0
I:D:W:E	87	59	51	104	95	61	62	0	0	0	0	0	0	0
I:E:W:D	66	75	78	55	58	64	117	0	0	0	0	0	0	0
I:E:W:E	76	82	49	66	111	69	241	1	0	0	1	0	0	3
I:D:Y:D	68	71	77	57	81	79	224	0	0	0	0	0	0	0
I:D:Y:E	100	45	60	188	103	55	269	0	0	0	0	2	0	0
I:E:Y:D	91	56	99	80	71	75	567	0	0	0	0	0	0	0
I:E:Y:E	86	69	117	42	112	122	330	0	0	0	0	0	0	1
K:D:A:D	187	127	217	150	227	222	285	1	0	0	0	0	0	0
K:D:A:E	262	190	218	154	273	270	399	1	3	4	0	0	0	1
K:E:A:D	213	129	209	205	258	160	553	0	0	1	5	0	0	0
K:E:A:E	304	139	266	204	290	239	435	2	1	3	59	3	0	1
K:D:C:D	151	74	132	78	91	116	165	0	0	0	0	0	0	0
K:D:C:E	86	120	142	114	90	137	211	0	0	0	0	0	0	0
K:E:C:D	128	72	71	83	131	110	125	0	0	0	0	0	0	0
K:E:C:E	164	72	128	98	127	118	811	0	0	0	0	0	1	0
K:D:D:D	111	104	148	155	103	114	173	0	0	0	0	1	0	0
K:D:D:E	129	79	140	32	102	108	198	0	0	0	1	0	0	0
K:E:D:D	111	89	139	135	118	135	183	0	0	0	0	0	0	0
K:E:D:E	190	64	168	97	182	120	513	0	0	1	0	0	0	0
K:D:E:D	141	97	159	38	101	126	551	0	0	0	0	1	0	0
K:D:E:E	108	91	111	83	100	125	207	0	0	0	0	1	0	0
K:E:E:D	146	78	143	56	132	137	124	0	0	1	0	2	0	0
K:E:E:E	158	95	124	126	155	121	157	0	0	0	0	0	0	0
K:D:F:D	82	58	91	67	83	111	151	0	0	1	0	0	0	0
K:D:F:E	114	99	143	116	145	104	198	0	0	0	0	0	0	1
K:E:F:D	110	52	97	115	85	70	144	0	0	0	0	0	0	1
K:E:F:E	147	86	144	119	186	85	125	0	0	0	0	0	2	0
K:D:G:D	263	194	265	138	271	190	648	1	1	3	0	3	2	3
K:D:G:E	351	289	440	276	382	302	869	8	0	7	2	1	2	6
K:E:G:D	356	173	366	251	401	281	731	3	0	4	42	3	2	4
K:E:G:E	302	256	414	308	451	285	656	6	5	8	103	5	1	3
K:D:H:D	85	45	89	19	95	95	178	0	0	0	0	1	0	0
K:D:H:E	63	70	61	69	90	106	241	0	0	0	0	0	0	0
K:E:H:D	116	113	84	42	125	98	198	0	0	0	0	1	0	0
K:E:H:E	129	96	129	157	173	147	289	0	0	0	0	0	0	0
K:D:I:D	81	74	118	82	115	100	147	0	0	0	0	0	0	0
K:D:I:E	149	89	165	68	135	128	199	0	0	1	0	1	0	0
K:E:I:D	111	74	55	64	134	66	341	0	0	0	0	0	0	0
K:E:I:E	119	115	120	83	124	107	151	0	0	0	205	0	0	0
K:D:K:D	102	60	64	53	51	60	87	0	0	0	0	0	0	0
K:D:K:E	66	92	61	28	44	88	324	0	0	0	0	0	1	0
K:E:K:D	83	81	72	124	100	66	209	0	0	0	0	0	0	0
K:E:K:E	79	49	48	61	82	57	85	0	2	0	0	0	0	0
K:D:L:D	316	266	371	220	246	355	1011	0	0	0	0	2	0	2
K:D:L:E	322	350	491	251	346	412	1259	0	0	0	0	1	1	0
K:E:L:D	307	208	324	347	384	275	691	0	0	0	0	4	1	1
K:E:L:E	359	250	331	251	379	242	1073	0	0	1	1	0	0	3
K:D:M:D	29	36	77	49	34	41	70	0	0	0	0	0	0	0
K:D:M:E	76	27	70	31	32	58	82	0	0	1	0	0	0	0
K:E:M:D	45	24	45	22	47	53	111	0	0	0	0	0	0	0
K:E:M:E	59	24	20	26	48	51	61	0	0	1	28	0	0	0
K:D:N:D	70	48	68	28	70	70	100	0	0	0	0	0	0	1
K:D:N:E	52	44	62	53	50	75	162	0	0	0	0	0	0	0
K:E:N:D	47	46	47	73	50	42	106	0	0	0	0	0	0	0
K:E:N:E	116	34	111	55	92	78	191	0	0	0	0	19	0	0
K:D:P:D	156	117	122	112	201	164	447	0	0	0	0	0	0	0
K:D:P:E	215	145	229	169	175	180	439	0	0	0	2	0	0	0
K:E:P:D	173	147	317	181	296	181	343	0	0	0	0	0	0	0
K:E:P:E	240	266	229	140	201	218	494	0	0	0	0	0	0	0
K:D:Q:D	90	103	138	38	90	145	195	0	0	0	0	0	0	1
K:D:Q:E	97	48	72	43	70	70	237	0	0	0	0	0	0	0
K:E:Q:D	105	66	98	86	119	117	79	0	0	0	0	0	1	0
K:E:Q:E	143	61	95	63	91	121	185	0	0	0	0	0	0	0
K:D:R:D	241	248	295	275	351	316	1105	0	1	0	0	0	0	1
K:D:R:E	344	270	267	388	343	373	882	0	0	2	0	1	1	1
K:E:R:D	316	248	355	286	414	333	985	0	0	2	0	0	1	0
K:E:R:E	387	240	288	384	424	374	561	0	0	1	0	0	0	0
K:D:S:D	250	192	232	173	259	328	461	0	0	0	0	2	0	2
K:D:S:E	275	214	243	181	233	249	585	0	0	0	0	0	0	0
K:E:S:D	319	139	271	222	310	257	448	0	0	0	3	1	0	0
K:E:S:E	250	212	301	233	310	283	404	3	0	0	1	1	0	0
K:D:T:D	98	76	73	52	80	78	301	0	0	1	0	0	0	0
K:D:T:E	96	66	148	37	77	110	156	0	0	0	0	0	0	0
K:E:T:D	111	73	55	68	120	85	267	0	0	0	0	0	0	0
K:E:T:E	108	60	125	123	100	125	138	0	0	0	1	0	0	0
K:D:V:D	247	164	237	195	252	285	567	0	0	1	0	1	1	0
K:D:V:E	256	169	221	164	236	303	975	0	0	0	1	0	0	0
K:E:V:D	241	181	282	207	299	248	385	0	0	0	1	0	0	0
K:E:V:E	253	189	243	217	274	230	433	0	0	0	2	0	0	1
K:D:W:D	56	59	62	27	50	54	106	0	0	0	0	0	0	0
K:D:W:E	72	58	51	33	67	74	154	0	0	0	0	0	0	0
K:E:W:D	75	52	85	100	110	67	80	0	0	0	0	0	0	1
K:E:W:E	58	79	67	141	114	48	134	0	1	0	0	1	0	1
K:D:Y:D	80	69	69	52	70	81	204	0	0	0	0	1	0	0
K:D:Y:E	119	44	59	83	58	54	233	0	0	0	0	0	0	1
K:E:Y:D	69	72	75	91	120	51	312	0	0	0	0	0	0	0
K:E:Y:E	124	64	92	79	99	104	277	0	0	0	0	0	0	0
L:D:A:D	477	320	517	234	527	411	958	0	1	2	0	4	55	3
L:D:A:E	506	323	393	316	537	452	1160	4	3	4	10	3	6	4
L:E:A:D	429	295	348	386	439	392	865	1	0	41	3	1	3	4
L:E:A:E	538	408	530	380	517	461	1069	5	6	6	4	2	4	2
L:D:C:D	211	141	172	115	194	236	691	0	0	0	0	1	0	0
L:D:C:E	266	156	284	185	178	217	746	1	0	0	0	0	0	0
L:E:C:D	177	184	124	150	201	186	419	0	0	0	0	1	1	0
L:E:C:E	233	122	181	159	205	212	476	0	0	0	1	0	0	0
L:D:D:D	193	142	183	115	227	202	447	0	0	0	0	0	1	0
L:D:D:E	208	143	287	178	264	197	773	0	0	0	0	0	1	2
L:E:D:D	245	171	228	124	238	188	512	0	0	0	0	0	0	0
L:E:D:E	282	120	224	153	231	293	508	0	0	0	1	0	1	1
L:D:E:D	217	178	173	87	217	172	447	0	0	0	0	0	0	3
L:D:E:E	268	288	223	173	243	232	796	0	0	0	0	1	0	1
L:E:E:D	268	188	197	138	288	232	343	0	0	0	0	0	0	0
L:E:E:E	230	198	174	276	188	247	467	0	1	0	0	0	0	1
L:D:F:D	134	114	165	95	174	190	300	0	0	1	0	0	0	0
L:D:F:E	190	243	150	105	168	196	584	0	0	0	0	1	0	2
L:E:F:D	251	160	152	142	183	188	525	0	0	0	0	0	0	2
L:E:F:E	223	166	246	149	245	170	352	0	0	0	0	1	0	0
L:D:G:D	615	481	376	380	556	515	1390	3	1	4	1	6	5	10
L:D:G:E	599	417	562	308	609	569	1217	6	12	10	16	7	9	4
L:E:G:D	668	536	643	571	712	626	1981	3	5	9	4	4	5	9
L:E:G:E	723	528	729	553	639	581	1958	8	6	32	5	3	5	8
L:D:H:D	166	149	206	184	204	159	443	0	0	0	0	0	0	0
L:D:H:E	185	197	246	79	211	177	413	0	0	0	0	0	0	1
L:E:H:D	185	128	212	169	279	194	607	0	0	0	0	0	1	0
L:E:H:E	213	202	218	139	222	193	407	0	0	0	0	0	0	0
L:D:I:D	214	163	256	249	176	189	358	1	0	0	0	12	0	1
L:D:I:E	306	170	172	192	234	205	537	0	0	0	0	1	0	1
L:E:I:D	215	122	235	142	195	227	242	1	0	0	0	0	0	0
L:E:I:E	302	225	194	235	249	268	775	0	0	0	0	0	0	0
L:D:K:D	139	100	166	130	149	156	522	0	0	1	0	0	0	0
L:D:K:E	147	119	205	153	204	170	359	0	0	0	0	0	0	1
L:E:K:D	144	134	130	144	186	146	177	0	0	0	0	0	0	1
L:E:K:E	152	101	136	79	146	156	259	0	0	0	0	0	0	0
L:D:L:D	530	463	519	482	552	614	1102	0	0	0	0	0	0	1
L:D:L:E	682	458	753	516	621	570	1527	0	0	0	1	1	1	2
L:E:L:D	718	478	637	397	593	716	1598	0	0	0	0	1	0	1
L:E:L:E	841	626	831	566	746	755	1652	0	1	1	0	3	1	2
L:D:M:D	122	62	169	42	98	95	128	0	0	0	0	0	0	0
L:D:M:E	106	91	86	80	79	91	157	0	0	0	10	0	0	1
L:E:M:D	116	77	112	59	109	57	142	0	0	0	0	0	0	0
L:E:M:E	100	103	132	173	86	105	184	0	1	1	1	0	0	0
L:D:N:D	131	88	143	55	140	106	247	0	0	0	0	0	0	0
L:D:N:E	112	147	203	119	164	141	418	0	0	0	0	0	0	1
L:E:N:D	173	117	123	97	137	140	403	0	0	0	0	0	2	0
L:E:N:E	160	125	160	116	108	171	1094	0	0	0	0	0	0	2
L:D:P:D	279	186	305	151	304	312	828	0	0	0	0	0	0	1
L:D:P:E	423	359	459	215	323	373	1029	0	0	1	0	0	0	0
L:E:P:D	393	244	260	178	373	346	1067	0	0	0	0	2	2	0
L:E:P:E	499	369	457	378	447	488	777	0	1	0	0	0	1	3
L:D:Q:D	180	148	177	125	195	191	340	0	0	0	0	0	0	0
L:D:Q:E	257	137	329	133	241	209	395	0	0	0	0	1	0	0
L:E:Q:D	274	204	218	204	203	227	269	0	0	0	0	0	0	3
L:E:Q:E	261	212	331	172	227	251	628	0	0	0	0	0	0	1
L:D:R:D	637	403	670	323	585	514	1206	0	0	2	0	0	0	5
L:D:R:E	629	523	533	336	657	642	2290	1	0	0	1	0	0	0
L:E:R:D	643	413	668	446	730	675	1777	0	0	0	0	0	1	2
L:E:R:E	864	645	683	530	718	717	2310	2	0	1	0	2	1	2
L:D:S:D	508	399	468	277	508	448	1086	0	0	0	0	1	1	0
L:D:S:E	554	475	513	394	509	517	1121	1	1	0	0	80	0	1
L:E:S:D	571	498	574	260	497	498	1280	0	0	0	1	1	0	0
L:E:S:E	586	465	744	480	651	655	1475	0	0	1	0	1	1	3
L:D:T:D	200	142	188	101	150	145	430	0	0	0	0	1	0	0
L:D:T:E	220	212	148	163	272	266	389	0	1	0	0	0	0	0
L:E:T:D	209	154	171	134	174	212	339	0	0	0	0	0	0	0
L:E:T:E	274	235	197	222	331	266	471	0	0	0	0	1	1	2
L:D:V:D	508	382	446	308	468	412	672	0	1	0	0	14	2	1
L:D:V:E	520	384	462	346	465	561	1652	0	0	0	0	2	0	6
L:E:V:D	630	383	542	447	601	565	1724	0	0	0	1	1	0	2
L:E:V:E	574	436	572	416	489	514	1366	0	0	2	0	1	1	5
L:D:W:D	108	88	133	85	124	107	255	1	0	0	0	0	0	0
L:D:W:E	119	114	90	104	104	109	196	0	0	0	0	1	0	0
L:E:W:D	169	116	148	141	119	140	630	0	0	0	0	0	0	1
L:E:W:E	187	151	231	129	187	194	181	0	0	0	0	0	0	1
L:D:Y:D	164	125	126	156	131	112	386	0	0	1	0	1	0	0
L:D:Y:E	181	76	152	50	185	134	238	0	0	0	0	1	1	0
L:E:Y:D	161	153	212	187	145	159	279	0	1	0	0	0	0	0
L:E:Y:E	244	166	276	160	226	150	572	0	0	0	0	1	0	2
M:D:A:D	68	81	191	110	116	116	77	0	0	1	0	0	1	1
M:D:A:E	131	112	83	78	158	124	150	0	1	1	1	2	1	0
M:E:A:D	76	49	72	18	96	67	74	0	0	0	0	0	1	1
M:E:A:E	97	53	88	37	114	86	169	1	0	0	0	0	0	2
M:D:C:D	31	21	25	74	52	38	36	0	0	0	0	0	0	0
M:D:C:E	38	28	78	37	40	69	44	0	0	0	0	0	0	0
M:E:C:D	37	23	32	25	43	27	39	0	0	0	0	0	0	0
M:E:C:E	39	13	15	10	55	47	48	0	0	0	0	0	0	0
M:D:D:D	38	34	115	34	37	62	204	0	0	0	0	0	0	0
M:D:D:E	67	34	27	43	43	51	42	0	0	0	0	0	0	0
M:E:D:D	26	28	38	21	34	77	54	0	0	0	0	1	0	0
M:E:D:E	79	20	46	19	31	33	130	0	0	0	0	0	0	0
M:D:E:D	41	41	67	23	46	36	106	0	0	0	0	0	0	1
M:D:E:E	41	37	66	89	43	53	148	0	0	0	0	0	0	0
M:E:E:D	60	37	47	27	65	68	37	0	0	0	0	0	1	1
M:E:E:E	34	46	78	38	67	63	43	0	0	0	0	0	0	0
M:D:F:D	39	44	45	65	82	52	19	0	0	0	0	55	0	0
M:D:F:E	29	39	28	14	38	43	36	0	1	0	0	0	0	0
M:E:F:D	62	39	10	29	44	34	34	0	0	0	0	1	0	0
M:E:F:E	48	26	19	11	34	45	123	0	0	0	0	0	0	0
M:D:G:D	133	73	146	94	113	94	197	1	0	0	0	0	1	2
M:D:G:E	97	72	80	156	102	91	149	2	4	1	1	2	0	0
M:E:G:D	148	52	115	84	129	102	401	1	0	1	2	1	0	1
M:E:G:E	173	130	181	102	102	119	161	0	0	2	0	0	2	0
M:D:H:D	19	16	38	15	48	29	46	0	0	0	0	1	0	0
M:D:H:E	32	20	56	34	37	34	41	0	0	0	0	0	0	0
M:E:H:D	36	20	31	11	63	27	271	0	0	0	0	0	0	2
M:E:H:E	33	33	75	21	55	68	47	0	0	0	0	0	0	0
M:D:I:D	49	40	35	18	41	47	30	0	0	0	0	1	0	0
M:D:I:E	37	40	42	53	49	38	44	0	0	0	0	73	0	0
M:E:I:D	38	32	18	12	40	62	34	0	0	0	0	0	0	0
M:E:I:E	36	21	27	19	26	57	41	0	0	0	0	0	0	0
M:D:K:D	26	32	17	10	30	22	18	1	0	0	0	0	0	0
M:D:K:E	18	19	17	10	25	16	28	0	0	0	0	0	0	0
M:E:K:D	19	25	16	14	33	19	27	0	0	0	0	0	0	0
M:E:K:E	34	19	53	21	20	30	23	0	0	0	0	1	0	0
M:D:L:D	128	96	122	203	166	134	513	0	0	0	0	1	0	0
M:D:L:E	112	97	147	118	171	129	171	0	0	0	0	1	0	0
M:E:L:D	156	77	225	127	119	105	236	0	0	0	0	0	0	0
M:E:L:E	123	86	108	92	139	119	229	0	0	0	0	0	0	0
M:D:M:D	39	15	30	99	12	35	21	0	0	0	0	0	0	0
M:D:M:E	8	24	10	53	13	25	14	0	1	0	0	0	0	0
M:E:M:D	16	5	21	21	14	14	22	0	0	0	0	0	0	0
M:E:M:E	9	8	18	8	8	26	39	0	0	0	0	0	0	0
M:D:N:D	25	17	8	39	13	11	20	0	0	0	0	0	0	0
M:D:N:E	19	20	18	15	40	22	32	0	0	0	0	0	0	0
M:E:N:D	29	26	23	11	13	27	29	0	0	0	0	0	0	0
M:E:N:E	25	14	12	41	49	18	40	0	0	0	0	0	0	0
M:D:P:D	73	44	41	55	107	75	92	0	0	0	0	0	0	0
M:D:P:E	99	71	70	48	68	76	62	0	0	0	0	0	0	0
M:E:P:D	49	61	49	27	90	84	116	0	0	0	0	0	0	0
M:E:P:E	67	48	66	27	79	81	63	0	0	1	0	0	0	0
M:D:Q:D	24	18	70	37	42	81	27	0	0	0	0	0	0	0
M:D:Q:E	42	32	52	19	68	29	49	0	0	0	1	0	0	0
M:E:Q:D	25	38	24	13	30	23	28	0	0	0	0	1	1	0
M:E:Q:E	25	20	20	24	30	39	49	0	0	0	0	0	0	0
M:D:R:D	114	116	68	74	118	141	414	0	0	0	1	0	0	0
M:D:R:E	117	81	89	154	121	154	162	0	0	0	0	0	0	0
M:E:R:D	85	82	88	200	147	126	285	0	0	0	0	0	1	0
M:E:R:E	146	94	110	241	109	137	531	0	0	0	0	0	2	1
M:D:S:D	92	99	184	53	105	113	133	0	0	0	0	0	0	0
M:D:S:E	114	115	73	137	90	146	95	0	0	0	0	0	1	0
M:E:S:D	83	47	49	69	118	109	145	0	0	0	1	0	0	0
M:E:S:E	87	81	101	73	126	109	107	0	0	0	0	0	0	0
M:D:T:D	38	29	47	19	38	43	31	0	0	0	0	0	0	1
M:D:T:E	40	49	93	41	31	60	30	0	0	0	0	0	0	0
M:E:T:D	29	11	15	14	38	34	42	0	0	0	0	0	0	0
M:E:T:E	48	42	42	26	35	48	27	0	0	0	0	0	0	0
M:D:V:D	132	90	56	72	136	61	94	0	0	0	0	0	0	0
M:D:V:E	69	116	73	72	84	100	90	0	0	0	0	0	0	0
M:E:V:D	131	96	80	88	101	94	139	0	0	0	0	0	0	0
M:E:V:E	110	85	88	62	108	113	183	0	0	0	0	0	0	2
M:D:W:D	16	41	16	24	13	16	59	0	0	0	0	0	0	0
M:D:W:E	13	25	25	19	20	25	19	0	0	0	0	0	0	0
M:E:W:D	14	11	9	7	36	16	25	0	0	0	0	0	0	0
M:E:W:E	23	14	12	16	21	18	54	0	0	0	0	0	0	0
M:D:Y:D	30	11	28	24	60	25	38	0	0	0	0	0	0	0
M:D:Y:E	18	31	69	92	28	34	41	0	0	0	0	0	0	0
M:E:Y:D	45	15	22	14	43	29	119	0	0	0	0	0	0	0
M:E:Y:E	21	27	57	40	25	37	37	0	0	0	0	0	0	0
N:D:A:D	191	163	299	206	341	209	561	0	0	0	0	2	1	3
N:D:A:E	218	167	224	212	322	236	775	0	1	0	1	1	0	0
N:E:A:D	204	181	200	155	275	213	442	10	2	0	0	2	0	3
N:E:A:E	262	166	259	286	310	290	1305	82	2	3	1	0	2	1
N:D:C:D	99	74	70	91	107	112	371	0	0	0	0	0	0	0
N:D:C:E	92	105	92	97	138	122	242	0	0	0	0	0	0	0
N:E:C:D	96	66	103	59	111	119	596	0	0	0	0	0	0	0
N:E:C:E	113	72	129	63	127	138	236	2	0	0	0	1	0	1
N:D:D:D	115	81	88	40	77	79	219	0	0	0	0	0	0	0
N:D:D:E	81	77	92	36	116	117	284	0	0	0	0	0	0	0
N:E:D:D	106	79	160	102	117	151	204	0	0	0	0	0	0	0
N:E:D:E	138	87	75	51	131	117	178	0	0	0	0	0	0	0
N:D:E:D	130	58	74	48	123	99	233	0	0	0	0	0	0	0
N:D:E:E	126	101	110	74	102	100	144	0	0	0	0	0	0	0
N:E:E:D	108	118	67	61	132	171	160	0	0	0	0	1	0	0
N:E:E:E	167	113	136	125	120	162	157	1	0	0	1	0	1	0
N:D:F:D	82	73	71	101	71	85	170	0	0	0	0	0	1	1
N:D:F:E	120	61	147	31	134	83	425	0	0	1	0	0	0	1
N:E:F:D	120	49	127	91	120	82	153	0	0	0	0	0	0	4
N:E:F:E	104	100	101	59	159	107	138	0	0	0	0	1	0	0
N:D:G:D	344	230	304	250	313	292	912	3	0	8	1	3	2	3
N:D:G:E	298	200	314	109	324	329	624	2	3	11	2	2	0	1
N:E:G:D	361	213	382	309	470	405	761	123	4	3	4	3	17	6
N:E:G:E	321	296	331	266	389	338	922	191	1	11	3	3	14	4
N:D:H:D	107	90	114	58	122	85	266	0	0	0	0	0	0	0
N:D:H:E	82	68	59	66	148	106	239	0	0	0	1	0	0	0
N:E:H:D	101	64	87	76	118	98	368	0	0	0	0	0	0	0
N:E:H:E	102	109	145	80	146	114	181	0	0	0	0	0	0	0
N:D:I:D	81	130	115	86	133	118	244	0	0	0	0	1	0	0
N:D:I:E	114	70	90	81	97	133	363	0	0	0	0	0	0	0
N:E:I:D	144	93	123	63	104	143	204	0	0	1	0	1	0	0
N:E:I:E	147	81	120	136	120	118	300	1	0	0	0	0	1	0
N:D:K:D	91	84	42	55	81	92	114	0	0	0	0	1	0	0
N:D:K:E	54	49	50	35	63	67	108	0	0	1	0	0	0	0
N:E:K:D	99	44	88	78	79	90	187	0	0	0	0	0	0	0
N:E:K:E	75	78	95	84	139	117	114	2	0	0	0	0	1	0
N:D:L:D	280	234	273	206	418	341	534	0	0	0	0	0	0	0
N:D:L:E	298	228	287	172	353	260	587	0	0	0	0	1	0	1
N:E:L:D	428	269	284	320	426	474	1114	0	0	0	0	1	1	1
N:E:L:E	342	226	464	229	445	420	992	0	0	0	0	0	0	0
N:D:M:D	28	28	48	36	43	42	335	0	0	0	0	0	0	0
N:D:M:E	41	81	63	26	33	66	287	1	0	0	0	0	0	0
N:E:M:D	47	21	31	21	37	44	130	0	0	0	0	0	0	0
N:E:M:E	59	47	52	81	74	70	566	0	0	1	0	1	0	0
N:D:N:D	53	36	31	70	71	62	106	0	0	1	0	0	0	0
N:D:N:E	64	54	64	28	89	84	134	0	0	0	0	0	0	0
N:E:N:D	76	48	77	39	78	96	116	0	0	0	0	0	0	0
N:E:N:E	66	55	70	55	94	71	285	0	0	0	0	0	0	0
N:D:P:D	191	197	141	105	237	179	419	0	0	0	0	0	0	0
N:D:P:E	192	124	168	169	179	195	285	1	0	0	0	1	0	0
N:E:P:D	244	112	199	86	256	181	629	0	0	0	0	0	0	0
N:E:P:E	220	162	260	185	209	211	992	0	0	0	0	1	1	2
N:D:Q:D	106	86	106	79	71	93	101	0	0	0	0	0	0	0
N:D:Q:E	96	86	113	42	72	123	499	0	0	0	0	0	1	0
N:E:Q:D	111	66	147	88	105	88	158	0	0	0	0	0	0	0
N:E:Q:E	147	94	124	137	163	113	245	0	0	0	0	149	0	1
N:D:R:D	285	194	399	320	385	395	945	1	0	0	0	0	0	1
N:D:R:E	316	201	247	187	421	465	673	0	0	0	0	1	0	0
N:E:R:D	299	235	344	227	402	400	893	1	0	0	0	1	0	0
N:E:R:E	448	294	364	439	419	470	891	2	0	0	0	0	169	1
N:D:S:D	257	232	249	119	298	282	670	0	0	0	0	0	0	2
N:D:S:E	312	240	261	189	290	267	812	0	0	0	0	1	0	0
N:E:S:D	347	178	247	297	320	309	536	0	0	0	0	1	0	0
N:E:S:E	326	281	321	347	441	330	727	1	0	0	0	0	0	0
N:D:T:D	67	59	103	49	91	91	161	0	0	0	0	0	0	0
N:D:T:E	160	105	154	52	122	130	357	0	0	0	0	0	1	0
N:E:T:D	135	85	98	524	127	106	325	0	0	0	0	0	0	0
N:E:T:E	107	104	102	94	157	144	266	0	0	0	0	0	0	0
N:D:V:D	289	188	300	288	259	261	560	0	0	1	0	0	0	0
N:D:V:E	242	241	197	141	297	253	692	0	0	0	0	0	0	2
N:E:V:D	290	188	245	280	313	394	424	1	0	0	0	0	2	2
N:E:V:E	322	192	259	396	327	354	516	0	1	1	0	0	0	16
N:D:W:D	60	38	39	32	60	100	108	0	0	1	0	0	0	0
N:D:W:E	58	61	49	108	89	88	79	0	0	0	0	0	0	0
N:E:W:D	60	65	87	43	72	110	132	0	0	0	0	0	0	2
N:E:W:E	67	86	86	232	95	71	255	398	0	0	0	2	0	0
N:D:Y:D	108	63	100	41	67	80	304	0	0	0	0	0	0	0
N:D:Y:E	70	51	71	39	82	49	154	0	0	0	0	1	0	0
N:E:Y:D	77	102	60	73	91	69	438	0	0	0	0	0	0	0
N:E:Y:E	132	54	134	57	130	197	155	0	0	0	1	0	0	0
P:D:A:D	385	246	415	229	359	382	885	0	35	1	142	1	1	0
P:D:A:E	497	382	532	413	528	518	1065	6	112	9	4869	5	1	4
P:E:A:D	482	327	527	279	562	497	586	0	2	0	2	2	4	92
P:E:A:E	584	318	562	518	534	547	915	15	5	14	32	0	24	2
P:D:C:D	215	99	188	180	156	245	452	1	0	0	3	1	0	0
P:D:C:E	270	137	176	151	199	235	559	0	0	0	5	0	0	0
P:E:C:D	217	140	233	212	182	207	302	0	0	0	0	0	1	1
P:E:C:E	229	173	216	256	338	275	660	1	0	44	0	0	0	0
P:D:D:D	262	195	201	284	235	223	449	0	1	1	3	1	0	0
P:D:D:E	232	164	280	159	238	271	598	0	0	0	6	0	0	0
P:E:D:D	269	140	282	185	303	279	633	0	0	0	0	0	0	2
P:E:D:E	283	207	314	202	326	287	569	0	0	0	0	1	0	0
P:D:E:D	240	166	246	212	290	220	618	0	1	0	1	0	0	1
P:D:E:E	213	194	241	177	185	230	374	0	1	0	8	0	0	0
P:E:E:D	231	234	235	152	282	284	389	0	1	0	0	1	0	3
P:E:E:E	298	222	281	232	242	224	420	1	0	0	0	0	0	0
P:D:F:D	206	115	119	142	251	164	368	0	0	0	0	1	0	0
P:D:F:E	201	198	218	123	227	275	759	0	3	0	0	1	1	0
P:E:F:D	224	185	322	207	243	237	513	0	0	0	0	0	0	0
P:E:F:E	338	184	332	240	260	231	315	0	0	0	0	1	0	2
P:D:G:D	669	535	578	372	662	605	1390	9	144	21	2938	5	6	12
P:D:G:E	548	451	569	411	593	581	1208	16	295	15	8549	11	3	3
P:E:G:D	735	538	615	384	790	618	1132	21	13	28	22	6	870	290
P:E:G:E	596	509	687	490	729	628	1001	22	16	46	70	4	115	36
P:D:H:D	166	122	138	144	192	209	1104	0	0	0	0	1	0	2
P:D:H:E	212	136	276	107	290	195	605	0	1	0	0	0	0	0
P:E:H:D	147	132	182	132	216	189	480	0	0	0	0	0	0	2
P:E:H:E	251	167	239	163	241	204	486	0	0	0	0	0	0	0
P:D:I:D	225	169	282	230	265	245	349	0	1	0	1	0	0	0
P:D:I:E	316	211	215	174	286	228	435	1	0	1	67	0	0	1
P:E:I:D	222	234	247	290	208	263	505	0	0	0	0	0	0	1
P:E:I:E	260	210	325	288	318	244	418	28	0	1	0	2	0	1
P:D:K:D	117	105	222	149	154	178	372	0	0	0	0	0	0	0
P:D:K:E	128	134	140	78	143	115	410	1	0	0	10	0	0	0
P:E:K:D	110	100	199	115	156	157	198	0	0	0	0	0	0	0
P:E:K:E	168	178	226	95	197	186	359	0	0	0	0	0	0	1
P:D:L:D	650	410	532	484	639	749	1225	0	642	0	1	480	1	2
P:D:L:E	606	551	500	475	684	784	1470	1	2	0	11	0	0	1
P:E:L:D	774	459	624	674	631	718	1446	0	0	0	0	4	2	2
P:E:L:E	791	570	874	555	919	798	1672	1	2	0	0	1	2	1
P:D:M:D	101	79	87	50	143	94	334	0	0	0	16	1	0	0
P:D:M:E	87	74	89	61	128	106	325	7	8	12	17693	0	1	0
P:E:M:D	107	83	166	102	142	131	133	0	0	0	0	0	0	0
P:E:M:E	99	100	167	162	122	128	108	0	0	2	18	0	0	0
P:D:N:D	126	105	81	57	118	161	578	0	0	0	0	0	0	1
P:D:N:E	126	129	111	65	129	187	537	0	0	0	0	0	0	1
P:E:N:D	169	103	136	187	191	210	298	0	0	0	0	0	0	0
P:E:N:E	168	90	139	89	135	157	322	0	0	0	0	1	0	0
P:D:P:D	353	271	420	218	414	357	649	0	0	0	8	1	1	0
P:D:P:E	362	308	381	311	454	413	1090	0	0	0	0	0	1	0
P:E:P:D	425	316	493	307	441	457	721	0	0	0	32	0	0	1
P:E:P:E	477	322	605	329	437	461	1065	0	0	0	0	1	0	0
P:D:Q:D	196	156	223	123	187	236	399	0	1	0	0	1	1	0
P:D:Q:E	215	163	157	221	152	175	404	0	0	0	0	1	1	0
P:E:Q:D	234	196	214	134	257	223	226	0	0	1	0	1	2	1349
P:E:Q:E	244	193	273	157	233	214	545	0	0	0	0	0	0	1
P:D:R:D	692	573	638	414	645	657	2144	1	1	1	0	0	1	2
P:D:R:E	680	446	603	559	789	690	2790	0	0	1	14	1	0	2
P:E:R:D	729	503	537	468	801	674	1242	0	0	0	0	0	3	2
P:E:R:E	883	477	716	604	830	724	1274	1	0	0	0	1	3	2
P:D:S:D	523	340	507	331	518	364	2081	0	1	1	54	0	0	4
P:D:S:E	610	494	623	391	735	534	1406	0	1	0	8	2	1	2
P:E:S:D	591	403	590	437	656	487	855	0	0	0	0	1	0	0
P:E:S:E	670	495	763	515	768	598	1194	1	0	2	0	1	0	1
P:D:T:D	205	192	183	143	211	179	523	0	0	0	1	0	0	0
P:D:T:E	275	219	285	151	307	229	740	0	0	0	55	1	0	0
P:E:T:D	274	132	303	319	262	254	322	0	0	1	0	2	0	2
P:E:T:E	312	236	300	164	318	234	492	0	0	0	0	0	0	0
P:D:V:D	529	299	486	404	537	575	1153	5	0	0	2	0	0	3
P:D:V:E	550	432	574	316	529	512	1334	0	1	0	50	1	2	2
P:E:V:D	552	469	575	433	594	564	871	0	0	0	1	1	3	1
P:E:V:E	634	469	693	400	662	701	1575	1	0	0	0	1	1	40
P:D:W:D	117	88	135	120	125	116	297	0	0	0	1	0	0	0
P:D:W:E	111	142	110	69	181	134	315	0	0	0	9	0	0	1
P:E:W:D	144	135	238	175	170	179	200	0	0	0	0	0	0	0
P:E:W:E	202	162	89	120	124	182	187	0	0	0	0	0	1	0
P:D:Y:D	153	111	110	117	158	102	266	0	0	0	0	0	0	0
P:D:Y:E	177	106	161	71	147	157	698	0	0	0	0	0	0	1
P:E:Y:D	266	159	150	101	162	158	210	0	0	0	0	0	1	0
P:E:Y:E	308	146	264	174	249	180	452	0	0	0	0	0	1	1
Q:D:A:D	161	162	247	98	198	181	390	1	6	0	0	0	0	2
Q:D:A:E	213	203	207	199	207	201	270	3	8	5	1	0	0	2
Q:E:A:D	223	147	262	301	212	252	504	0	0	0	0	1	0	2
Q:E:A:E	311	205	201	258	390	252	961	1	1	4	1	2	2	7
Q:D:C:D	83	64	182	98	99	92	275	0	0	0	0	0	0	0
Q:D:C:E	106	88	120	38	114	120	144	0	1	0	0	0	0	0
Q:E:C:D	138	73	53	73	56	121	289	0	0	0	0	0	0	0
Q:E:C:E	94	82	108	45	108	89	261	0	0	1	0	0	0	1
Q:D:D:D	137	65	256	132	130	102	169	0	21	0	0	0	0	0
Q:D:D:E	110	69	68	36	104	89	119	0	0	0	0	0	0	0
Q:E:D:D	98	122	181	114	162	128	300	0	0	0	0	0	0	0
Q:E:D:E	128	58	92	44	87	100	210	0	0	0	0	0	0	1
Q:D:E:D	87	93	139	72	130	117	222	0	0	1	0	0	1	0
Q:D:E:E	110	110	114	58	142	98	128	0	0	0	0	0	0	0
Q:E:E:D	129	87	77	90	139	132	200	0	0	0	0	0	0	0
Q:E:E:E	117	95	131	94	83	139	137	0	0	0	0	1	0	0
Q:D:F:D	108	58	94	31	112	55	108	0	0	0	0	0	0	0
Q:D:F:E	108	100	109	49	139	88	196	0	0	1	0	0	0	0
Q:E:F:D	106	82	118	66	131	85	267	0	0	0	0	0	0	0
Q:E:F:E	118	86	96	58	86	113	202	0	0	0	0	0	0	0
Q:D:G:D	344	201	210	210	397	296	897	2	6	2	4	3	3	1
Q:D:G:E	285	208	249	206	413	250	507	6	20	3	1	0	0	1
Q:E:G:D	377	175	306	287	396	340	907	1	3	3	2	3	0	7
Q:E:G:E	328	273	433	153	277	329	1203	7	3	9	2	3	4	7
Q:D:H:D	76	74	81	44	83	88	280	0	0	0	0	0	1	0
Q:D:H:E	103	76	66	56	130	121	118	0	0	0	0	0	0	0
Q:E:H:D	131	35	54	38	91	99	248	0	0	0	0	0	0	0
Q:E:H:E	86	87	60	59	106	101	315	0	0	0	0	1	0	0
Q:D:I:D	108	91	106	147	145	99	183	0	0	0	0	0	0	0
Q:D:I:E	102	71	83	112	151	136	118	0	0	0	0	0	0	0
Q:E:I:D	108	100	95	79	136	123	137	0	0	0	0	0	0	0
Q:E:I:E	141	73	145	149	113	100	358	0	0	0	1	0	0	0
Q:D:K:D	63	28	97	47	66	56	179	0	0	0	0	1	1	0
Q:D:K:E	67	68	63	45	119	109	105	0	0	0	0	0	1	0
Q:E:K:D	87	53	50	47	58	80	188	0	0	0	0	0	0	0
Q:E:K:E	98	60	165	112	74	105	123	0	0	0	0	0	0	0
Q:D:L:D	254	173	216	210	293	239	510	0	0	0	0	1	0	1
Q:D:L:E	352	241	365	224	427	391	617	0	0	0	1	1	0	1
Q:E:L:D	312	183	310	218	304	324	720	0	0	0	0	0	0	0
Q:E:L:E	318	270	295	198	348	330	1424	0	0	0	0	0	0	1
Q:D:M:D	27	37	13	30	49	34	50	0	0	0	0	0	0	0
Q:D:M:E	43	51	73	18	64	58	56	0	0	0	0	0	0	0
Q:E:M:D	41	23	23	12	30	21	147	0	0	0	0	0	0	0
Q:E:M:E	60	22	80	43	77	51	118	1	0	1	1	1	0	0
Q:D:N:D	53	73	72	60	59	53	158	0	0	0	0	0	0	0
Q:D:N:E	80	57	100	42	91	61	150	0	0	0	0	0	0	0
Q:E:N:D	49	70	77	36	43	62	132	0	0	0	0	0	0	0
Q:E:N:E	85	43	97	56	81	110	219	0	0	1	0	0	0	0
Q:D:P:D	145	105	238	75	236	169	337	0	0	0	0	0	0	0
Q:D:P:E	145	154	237	95	195	161	529	0	0	0	0	0	0	2
Q:E:P:D	220	175	169	171	185	158	365	0	0	0	0	0	0	0
Q:E:P:E	224	182	188	144	194	204	414	0	0	0	0	0	0	1
Q:D:Q:D	78	57	84	70	89	84	70	0	0	0	0	1	0	0
Q:D:Q:E	89	62	64	52	87	84	128	0	0	0	0	0	0	0
Q:E:Q:D	92	62	80	104	114	113	193	0	0	0	1	0	1	2
Q:E:Q:E	117	58	97	65	84	91	174	0	0	0	0	0	0	0
Q:D:R:D	292	182	333	139	309	272	523	0	0	0	0	0	1	0
Q:D:R:E	334	208	268	205	357	285	780	0	0	1	0	0	0	0
Q:E:R:D	345	273	297	364	281	308	1136	0	0	0	0	0	0	3
Q:E:R:E	365	250	382	234	430	365	1154	0	0	0	0	0	0	0
Q:D:S:D	219	211	129	98	296	206	617	0	0	0	0	0	0	1
Q:D:S:E	254	184	297	148	308	221	465	0	0	1	0	2	0	1
Q:E:S:D	264	174	275	252	262	227	614	0	0	0	0	2	0	0
Q:E:S:E	337	265	300	157	308	298	1012	0	0	2	0	0	1	0
Q:D:T:D	90	36	50	35	119	80	120	0	8	0	0	0	0	0
Q:D:T:E	107	129	124	43	104	89	242	0	0	0	0	0	0	0
Q:E:T:D	109	89	140	151	86	99	232	0	0	0	0	0	0	0
Q:E:T:E	138	80	137	222	131	135	189	0	0	0	0	0	0	0
Q:D:V:D	147	148	211	117	219	219	467	0	0	0	0	0	0	0
Q:D:V:E	226	181	208	124	318	201	789	0	2	0	0	0	0	0
Q:E:V:D	273	166	260	143	239	262	579	0	0	1	0	0	0	0
Q:E:V:E	275	155	227	139	275	307	531	1	0	1	0	1	1	0
Q:D:W:D	64	31	71	37	68	56	48	0	0	0	0	0	0	0
Q:D:W:E	55	54	84	37	52	88	71	0	0	0	0	0	0	0
Q:E:W:D	64	35	73	33	51	86	99	0	0	0	0	0	0	0
Q:E:W:E	109	57	95	87	85	124	125	0	0	0	1	1	0	0
Q:D:Y:D	78	65	135	69	76	98	152	0	0	0	0	0	0	0
Q:D:Y:E	73	36	77	62	95	72	99	0	0	0	0	0	0	0
Q:E:Y:D	86	105	144	154	68	106	192	1	0	0	0	0	0	0
Q:E:Y:E	104	68	77	79	72	52	174	1	0	0	0	0	0	0
R:D:A:D	580	397	531	338	575	460	1603	4	245	5	1	3	0	5
R:D:A:E	631	609	713	547	653	604	1279	41	56	12	3	4	2	3
R:E:A:D	674	412	552	373	601	485	889	2	4	6	0	1	3	5
R:E:A:E	729	500	589	431	718	662	1317	25	7	57	8	11	13	3
R:D:C:D	306	160	264	208	219	261	514	0	0	0	0	2	0	0
R:D:C:E	284	156	229	173	307	254	892	0	0	0	0	0	0	0
R:E:C:D	276	168	294	288	240	315	610	0	0	0	0	0	0	0
R:E:C:E	311	208	307	224	317	270	930	0	0	1	0	0	0	2
R:D:D:D	305	212	363	141	330	291	614	0	0	0	0	0	0	1
R:D:D:E	328	226	252	196	324	317	594	0	0	1	0	0	1	2
R:E:D:D	330	232	340	263	331	288	422	0	0	0	2	0	0	1
R:E:D:E	352	316	308	246	315	377	752	0	0	25	0	1	0	2
R:D:E:D	297	192	286	277	352	281	659	0	0	0	0	1	0	0
R:D:E:E	269	288	312	300	355	265	387	0	0	0	0	1	0	0
R:E:E:D	376	211	247	287	299	272	916	0	0	0	0	0	2	1
R:E:E:E	398	249	379	228	388	363	538	1	0	0	0	1	0	0
R:D:F:D	249	184	292	145	286	242	514	0	2	0	0	0	0	1
R:D:F:E	259	184	334	208	338	265	698	0	0	0	0	1	0	0
R:E:F:D	263	228	381	136	324	210	393	0	0	1	0	0	0	2
R:E:F:E	292	239	322	168	262	277	526	0	0	0	0	0	0	0
R:D:G:D	738	577	651	461	788	709	1567	56	72	48	2	6	11	7
R:D:G:E	741	609	675	543	745	639	1688	108	133	95	3	11	12	7
R:E:G:D	880	689	724	537	916	822	1670	26	7	156	8	12	8	12
R:E:G:E	936	598	902	649	833	780	1609	29	24	238	18	13	25	8
R:D:H:D	192	147	219	108	215	180	547	0	0	0	0	0	1	0
R:D:H:E	272	201	183	151	279	291	1048	0	0	193	0	1	0	0
R:E:H:D	223	172	258	85	248	165	801	0	0	0	0	0	0	0
R:E:H:E	269	275	258	335	345	294	1052	0	0	0	0	0	1	2
R:D:I:D	263	212	252	190	276	269	894	1	0	0	0	0	0	0
R:D:I:E	331	253	390	297	320	257	742	0	0	0	0	1	1	1
R:E:I:D	324	294	299	203	263	301	748	0	0	0	1	0	2	1
R:E:I:E	376	306	389	230	367	280	683	0	0	0	1	0	1	1
R:D:K:D	270	146	172	81	193	142	296	0	0	1	1	0	0	0
R:D:K:E	210	159	231	151	247	216	364	215	0	0	0	0	0	0
R:E:K:D	218	218	250	186	207	235	258	0	0	1	0	1	1	0
R:E:K:E	281	164	208	125	207	193	728	0	0	0	0	0	1	0
R:D:L:D	801	617	604	659	789	704	1539	0	1	0	0	1	9	1
R:D:L:E	857	687	834	623	853	811	2371	1	0	0	0	1	78	2
R:E:L:D	887	693	958	923	816	927	1713	0	2	0	0	5	0	0
R:E:L:E	914	713	1090	846	1007	914	1909	1	0	1	0	2	0	4
R:D:M:D	114	78	134	45	94	107	201	0	0	0	0	0	0	0
R:D:M:E	103	105	161	83	151	125	172	1	1	2	4	0	1	0
R:E:M:D	137	105	120	64	136	113	188	0	0	0	0	0	0	0
R:E:M:E	165	98	144	119	108	170	261	0	0	0	2	0	0	0
R:D:N:D	186	170	176	125	152	145	775	0	0	0	0	0	0	1
R:D:N:E	177	164	199	116	206	146	780	0	1	0	0	0	0	1
R:E:N:D	211	173	142	144	129	157	405	0	0	0	0	0	0	0
R:E:N:E	170	190	125	179	150	215	405	0	0	1	0	0	0	0
R:D:P:D	463	378	421	222	374	493	1027	0	0	1	0	1	1	2
R:D:P:E	542	355	510	322	452	508	1018	2	0	1	0	2	1	1
R:E:P:D	460	445	738	466	485	547	1146	0	0	1	0	0	3	1
R:E:P:E	492	461	458	460	525	591	1254	0	0	1	0	0	1	1
R:D:Q:D	266	227	322	118	214	240	1052	0	1	0	0	0	0	0
R:D:Q:E	396	186	305	290	313	256	595	0	0	0	0	2	1	0
R:E:Q:D	279	229	368	109	256	243	409	26	0	0	0	0	0	0
R:E:Q:E	314	215	354	339	208	273	847	0	0	0	0	0	0	0
R:D:R:D	862	672	819	600	883	815	1891	0	0	1	0	2	1	1
R:D:R:E	1001	684	815	926	1045	895	2096	1	1	1	0	8	2	2
R:E:R:D	795	597	891	569	789	767	2481	1	1	529	1	5	2	2
R:E:R:E	1030	709	935	783	916	848	2628	1	0	1	1	3	0	0
R:D:S:D	710	527	673	613	683	676	1772	0	1	0	0	2	0	1
R:D:S:E	710	589	599	487	638	699	1183	0	0	0	0	4	1	1
R:E:S:D	756	643	594	484	849	755	1985	1	0	1	0	1	1	2
R:E:S:E	747	594	722	441	743	786	1444	0	1	2	0	0	1	0
R:D:T:D	268	193	296	246	309	240	842	0	0	0	0	0	1	0
R:D:T:E	295	239	228	233	267	308	601	0	0	0	0	0	0	0
R:E:T:D	276	222	322	182	233	272	1005	0	0	1	0	0	0	2
R:E:T:E	370	261	355	273	320	289	531	0	0	0	0	0	0	0
R:D:V:D	622	455	655	424	695	575	1714	0	0	2	0	1	1	2
R:D:V:E	695	549	517	573	746	636	1510	1	0	0	0	0	0	0
R:E:V:D	694	514	550	454	662	640	1449	0	2	2	1	1	0	1
R:E:V:E	727	517	613	418	764	700	1301	0	0	0	0	1	0	1
R:D:W:D	165	126	124	111	163	197	465	0	0	0	0	1	0	0
R:D:W:E	201	139	185	112	208	181	299	2	0	0	0	0	0	0
R:E:W:D	181	155	282	171	172	176	659	1	0	0	0	0	0	0
R:E:W:E	198	177	193	96	194	219	500	0	0	2	0	0	0	0
R:D:Y:D	226	182	183	129	210	199	512	0	0	1	0	0	0	1
R:D:Y:E	244	132	203	231	225	204	656	0	1	0	0	0	0	1
R:E:Y:D	267	202	199	211	206	211	599	0	0	0	0	0	0	0
R:E:Y:E	321	189	245	191	256	200	501	0	0	0	0	0	0	0
S:D:A:D	524	355	443	489	465	509	754	0	0	0	13	675	1	4
S:D:A:E	588	383	564	462	559	564	961	5	5	11	437	10	4	1
S:E:A:D	596	318	542	443	605	459	1022	77	44	8	12	4	2	89
S:E:A:E	535	352	549	514	555	465	1476	718	168	76	459	10	31	5
S:D:C:D	218	104	192	193	177	190	709	0	0	0	0	1	0	0
S:D:C:E	269	180	151	234	281	269	467	1	0	0	4	0	0	0
S:E:C:D	215	153	196	237	192	233	543	6	0	2	2	0	0	2
S:E:C:E	282	186	220	234	299	279	489	1	0	0	0	0	0	0
S:D:D:D	252	187	216	134	292	196	447	0	0	0	0	0	0	0
S:D:D:E	320	162	273	226	288	276	483	0	0	0	2	1	0	2
S:E:D:D	349	204	201	166	296	241	567	4	0	0	1	1	1	1
S:E:D:E	323	234	358	130	296	268	749	1	0	0	0	1	0	0
S:D:E:D	249	162	194	162	256	265	429	0	0	21	0	3	0	0
S:D:E:E	280	242	314	302	293	277	530	0	0	0	0	0	0	1
S:E:E:D	290	224	295	208	249	218	374	2	1	0	1	0	2	0
S:E:E:E	338	226	309	362	311	342	467	3	0	0	0	0	0	1
S:D:F:D	222	151	227	161	202	220	568	0	0	1	0	2	1	0
S:D:F:E	210	176	287	150	246	217	803	0	0	1	0	1	0	2
S:E:F:D	261	164	276	196	237	193	810	0	0	0	0	0	1	0
S:E:F:E	269	189	299	140	279	268	480	0	5	0	0	0	0	0
S:D:G:D	668	420	734	430	859	662	1922	4	3	13	228	9	4	11
S:D:G:E	594	519	645	665	758	588	1408	9	6	26	2019	11	8	4
S:E:G:D	755	554	669	797	862	650	2170	4710	995	906	1716	784	804	641
S:E:G:E	758	592	722	452	768	694	1681	1420	404	289	811	24	99	14
S:D:H:D	193	159	292	151	247	213	867	0	0	0	0	1	0	0
S:D:H:E	254	170	198	147	256	239	703	0	0	0	0	0	0	0
S:E:H:D	190	165	163	113	290	157	520	1	0	1	0	0	0	0
S:E:H:E	232	203	270	187	283	296	552	0	0	0	0	1	0	1
S:D:I:D	227	301	315	203	264	262	428	0	0	0	0	29	1	1
S:D:I:E	314	229	322	218	238	234	578	0	0	0	1	0	0	0
S:E:I:D	264	190	271	145	284	266	411	0	2	0	0	0	173	1
S:E:I:E	292	244	324	363	329	290	756	1	0	0	4	0	0	1
S:D:K:D	186	122	276	179	143	170	241	0	0	0	0	0	0	0
S:D:K:E	134	138	187	189	167	184	502	0	0	0	0	0	0	0
S:E:K:D	188	117	149	159	157	188	518	1	0	0	0	0	0	0
S:E:K:E	178	170	148	192	193	206	385	10	0	1	0	0	0	0
S:D:L:D	717	483	625	625	747	724	1325	1	1	0	0	1	0	1
S:D:L:E	798	579	1059	617	935	715	1991	0	1	0	0	0	1	0
S:E:L:D	820	464	716	663	826	654	1577	1	6	0	1	0	1	1
S:E:L:E	948	610	878	673	869	770	2349	0	0	3	0	2	1	0
S:D:M:D	107	52	156	74	84	102	233	0	0	0	0	0	0	0
S:D:M:E	89	87	80	222	97	97	193	0	0	2	186	0	0	1
S:E:M:D	104	92	117	111	112	98	171	2	0	1	0	2	0	0
S:E:M:E	120	76	154	137	107	137	169	0	0	1	190	0	1	0
S:D:N:D	150	125	166	77	103	165	514	0	0	0	0	0	0	1
S:D:N:E	158	120	121	131	160	151	338	0	0	0	0	0	0	1
S:E:N:D	187	150	134	105	170	182	403	0	0	0	0	0	0	0
S:E:N:E	242	153	195	242	160	165	327	0	0	0	0	0	2	0
S:D:P:D	487	280	471	376	474	459	559	0	0	0	0	0	1	1
S:D:P:E	472	302	490	348	472	516	920	0	0	0	0	0	1	3
S:E:P:D	464	320	353	251	453	375	1141	0	0	0	1	0	0	0
S:E:P:E	506	359	460	371	533	442	1073	10	0	1	0	1	2	0
S:D:Q:D	209	225	283	216	226	278	384	0	0	0	0	0	0	0
S:D:Q:E	331	164	282	206	252	203	717	0	0	0	0	0	0	0
S:E:Q:D	215	188	245	244	258	225	263	1	1	0	0	0	1	1
S:E:Q:E	352	185	266	196	305	251	727	0	0	0	0	2	1	0
S:D:R:D	625	509	628	637	848	647	1321	0	0	0	0	1	2	0
S:D:R:E	743	575	714	689	836	743	1724	0	0	1	0	1	2	2
S:E:R:D	740	736	609	578	830	726	1839	1	1	2	0	2	2	2
S:E:R:E	893	646	744	630	872	868	2223	1	0	0	3	0	1	1
S:D:S:D	545	392	599	443	731	515	1137	0	1	0	7	1	0	0
S:D:S:E	586	522	699	454	652	634	1303	0	1	3	2	1	0	2
S:E:S:D	742	479	558	648	709	601	1431	5	2	3	6	0	3	2
S:E:S:E	774	557	687	583	693	619	1964	3	0	2	1	2	1	2
S:D:T:D	227	157	210	189	232	203	780	0	0	0	0	5	0	0
S:D:T:E	295	271	297	194	305	230	349	0	0	0	0	1	2	1
S:E:T:D	223	158	248	202	251	208	385	0	0	0	2	0	1	0
S:E:T:E	299	179	364	204	305	323	663	1	1	0	0	1	0	0
S:D:V:D	596	540	680	674	675	635	1302	0	0	1	0	12	0	1
S:D:V:E	560	432	577	514	582	564	1541	0	0	0	1	0	1	4
S:E:V:D	668	450	614	561	737	624	1387	6	1	0	2	4	3	1
S:E:V:E	712	489	710	505	817	650	1322	4	1	1	1	1	2	24
S:D:W:D	142	139	112	212	121	149	202	0	0	1	0	0	2	0
S:D:W:E	160	166	153	135	207	141	453	0	0	0	0	0	0	1
S:E:W:D	224	166	200	141	181	155	337	0	0	3	0	1	1	0
S:E:W:E	153	105	198	67	164	153	196	23	1	2	1	1	1	0
S:D:Y:D	160	145	161	94	157	155	348	0	0	0	0	0	0	0
S:D:Y:E	179	126	185	156	190	187	567	0	0	0	0	0	1	0
S:E:Y:D	208	151	177	130	164	226	494	0	0	0	0	2	0	2
S:E:Y:E	232	150	160	221	185	208	699	0	0	0	0	0	1	0
T:D:A:D	346	349	411	288	446	450	371	1	2	1	1	1	84	4
T:D:A:E	427	285	369	246	502	394	849	3	2	6	4	4	4	4
T:E:A:D	448	312	579	376	469	354	497	2	3	1	1	0	1	13
T:E:A:E	483	368	453	306	604	419	953	17	14	13	17	1	4	4
T:D:C:D	189	117	241	291	130	160	283	0	0	0	0	1	0	0
T:D:C:E	177	186	133	119	200	182	387	0	0	0	1	0	0	1
T:E:C:D	224	106	262	111	194	149	599	0	0	0	0	0	1	1
T:E:C:E	198	140	137	246	210	194	721	0	0	0	0	0	0	0
T:D:D:D	189	140	190	136	277	176	291	0	1	1	1	2	0	0
T:D:D:E	226	149	344	214	225	241	517	0	0	0	0	0	0	1
T:E:D:D	237	140	168	119	224	219	406	0	0	0	0	1	0	1
T:E:D:E	260	145	229	114	317	221	408	0	0	0	1	1	0	0
T:D:E:D	178	115	226	208	207	227	255	0	0	0	0	1	0	1
T:D:E:E	187	128	182	186	155	179	165	1	0	0	1	0	0	1
T:E:E:D	247	164	221	141	363	240	773	0	0	0	0	1197	2	0
T:E:E:E	208	229	194	172	201	225	307	0	0	0	0	0	0	2
T:D:F:D	188	80	160	138	142	130	298	0	0	0	0	0	0	1
T:D:F:E	191	149	260	117	190	180	388	0	0	0	0	0	0	0
T:E:F:D	187	135	215	293	266	157	776	0	0	0	0	1	0	2
T:E:F:E	239	183	258	221	217	201	592	0	1	0	0	1	0	0
T:D:G:D	489	410	430	322	612	448	637	2	6	3	6	4	4	10
T:D:G:E	572	369	548	350	586	545	832	8	5	6	10	12	10	8
T:E:G:D	568	358	623	346	696	484	979	40	36	48	24	39	25	107
T:E:G:E	582	462	652	490	681	568	1510	77	74	80	67	64	71	4
T:D:H:D	174	107	111	71	160	197	354	0	0	0	0	1	1	1
T:D:H:E	167	110	137	157	159	186	189	0	0	0	0	0	0	0
T:E:H:D	174	170	159	111	216	162	860	0	0	0	0	1	0	0
T:E:H:E	164	190	222	193	265	241	676	0	1	0	0	2	0	0
T:D:I:D	195	153	198	143	186	187	187	0	0	0	1	282	0	2
T:D:I:E	248	185	236	305	273	229	320	0	0	0	0	2	0	0
T:E:I:D	194	136	204	159	209	167	356	0	0	1	0	2	1	0
T:E:I:E	254	143	228	144	235	200	299	0	0	0	1	1	0	0
T:D:K:D	139	104	133	178	139	164	191	0	0	0	0	0	0	0
T:D:K:E	157	88	165	93	115	127	318	0	0	0	0	0	0	0
T:E:K:D	161	113	197	137	158	147	264	1	0	0	0	1	0	0
T:E:K:E	166	124	136	136	180	118	213	0	0	0	0	0	0	0
T:D:L:D	631	400	451	525	609	615	741	2	0	1	0	3	2	0
T:D:L:E	576	455	545	464	539	506	902	1	0	1	0	1	0	1
T:E:L:D	657	528	564	417	733	565	1811	0	0	0	0	0	0	4
T:E:L:E	646	439	696	544	815	707	1654	0	1	1	0	0	1	1
T:D:M:D	122	60	85	39	136	111	261	0	1	0	0	2	0	0
T:D:M:E	93	64	73	99	103	90	108	1	0	0	6	0	0	0
T:E:M:D	104	37	97	81	101	96	142	15	0	0	0	0	0	0
T:E:M:E	74	67	105	153	103	89	144	1	1	2	12	1	0	0
T:D:N:D	74	111	77	78	86	127	131	0	0	0	0	1	0	0
T:D:N:E	136	79	123	108	128	137	204	0	0	0	0	0	0	1
T:E:N:D	155	137	207	169	135	123	392	0	0	0	0	0	0	0
T:E:N:E	190	115	136	104	132	145	339	0	0	0	0	0	0	1
T:D:P:D	276	152	313	238	349	321	486	0	0	0	0	1	0	0
T:D:P:E	320	232	302	185	319	326	623	0	0	1	0	0	1	1
T:E:P:D	357	260	352	135	362	293	853	0	0	0	1	0	0	1
T:E:P:E	381	333	427	274	475	402	1123	0	1	0	0	0	0	1
T:D:Q:D	152	132	186	136	179	157	303	0	0	0	0	0	0	0
T:D:Q:E	214	111	132	210	185	182	353	0	0	0	0	1	0	0
T:E:Q:D	171	152	204	99	166	214	307	0	0	0	0	1	0	2
T:E:Q:E	240	185	165	148	213	241	909	0	0	0	0	0	0	2
T:D:R:D	587	415	559	387	692	555	1419	0	0	0	0	4	0	1
T:D:R:E	661	361	657	424	623	587	1249	1	1	2	0	3	1	1
T:E:R:D	567	462	732	545	698	651	1579	0	0	1	0	0	1	0
T:E:R:E	710	545	641	479	771	705	1886	8	0	0	2	0	0	0
T:D:S:D	465	363	474	376	530	408	757	0	0	1	0	0	0	0
T:D:S:E	432	310	481	445	578	440	548	0	0	0	0	0	1	1
T:E:S:D	486	420	478	393	562	488	764	0	0	1	2	1	4	0
T:E:S:E	587	352	609	411	633	601	964	0	0	0	0	1	1	1
T:D:T:D	203	100	145	101	196	198	227	0	0	0	0	0	0	0
T:D:T:E	198	112	225	137	179	196	209	0	1	0	0	0	2	0
T:E:T:D	214	181	204	205	190	186	539	0	0	1	0	0	0	0
T:E:T:E	273	130	241	149	283	198	360	0	0	0	0	0	1	1
T:D:V:D	475	266	344	314	518	481	762	0	2	0	0	0	1	0
T:D:V:E	507	323	491	367	546	500	712	0	0	1	0	2	0	1
T:E:V:D	552	360	515	466	515	554	841	1	0	0	0	6	0	4
T:E:V:E	596	473	508	352	601	645	1189	1	0	1	0	3	0	38
T:D:W:D	119	93	108	114	109	127	228	0	0	0	0	0	0	0
T:D:W:E	110	83	78	175	175	156	101	0	0	0	0	0	0	1
T:E:W:D	132	106	181	133	205	142	189	0	0	0	0	0	0	0
T:E:W:E	132	149	121	79	162	168	332	1	1	0	0	1	0	0
T:D:Y:D	140	112	103	62	138	128	137	0	0	0	0	0	0	0
T:D:Y:E	209	132	220	120	168	153	470	0	0	0	0	0	0	0
T:E:Y:D	127	121	109	118	140	114	423	0	0	0	1	0	0	0
T:E:Y:E	166	106	223	104	177	162	420	1	0	1	0	1	0	0
V:D:A:D	295	196	271	175	323	285	575	0	15	0	0	0	0	1
V:D:A:E	258	226	273	334	301	269	461	3	77	7	1	1	4	2
V:E:A:D	321	270	318	164	404	276	811	1	7	1	1	2	1	18
V:E:A:E	355	291	313	225	350	320	473	15	18	13	34	27	10	5
V:D:C:D	124	121	107	89	164	120	171	0	0	0	0	0	0	0
V:D:C:E	128	95	90	139	224	146	748	0	0	1	0	0	0	1
V:E:C:D	120	89	146	135	113	111	328	0	0	0	0	1	0	0
V:E:C:E	142	112	197	149	162	182	269	0	0	0	0	0	0	0
V:D:D:D	152	96	179	113	178	172	258	0	0	0	0	0	0	1
V:D:D:E	108	61	193	96	136	153	170	0	0	0	0	0	0	0
V:E:D:D	135	94	164	98	184	131	325	0	0	0	0	0	0	0
V:E:D:E	189	130	195	138	178	210	442	0	0	1	0	0	1	0
V:D:E:D	174	91	103	85	202	104	232	0	0	0	0	0	0	0
V:D:E:E	142	117	237	233	159	137	190	0	0	0	0	0	0	0
V:E:E:D	195	115	175	104	149	128	251	0	0	0	0	0	0	0
V:E:E:E	137	96	124	167	162	135	344	0	0	0	1	0	0	0
V:D:F:D	109	64	188	155	156	140	136	0	0	0	0	0	0	1
V:D:F:E	125	119	157	77	215	122	223	1	410	0	0	0	1	0
V:E:F:D	141	147	125	132	152	158	194	0	0	0	0	1	0	0
V:E:F:E	140	142	132	66	204	130	363	0	2	0	0	0	2	0
V:D:G:D	405	285	341	318	475	355	982	1	123	8	3	2	0	3
V:D:G:E	412	373	397	296	410	397	734	7	207	7	5	1	1	5
V:E:G:D	523	303	382	320	389	374	1112	34	45	71	23	46	47	103
V:E:G:E	420	347	372	366	453	400	1163	73	90	101	88	53	77	10
V:D:H:D	96	72	121	46	137	91	188	0	0	0	1	1	0	0
V:D:H:E	136	114	157	118	147	100	240	0	0	0	0	0	1	1
V:E:H:D	129	83	70	128	119	132	234	0	0	0	0	0	1	0
V:E:H:E	141	156	208	159	142	123	292	0	0	0	0	0	0	0
V:D:I:D	111	114	124	60	135	85	225	0	0	0	0	0	0	0
V:D:I:E	152	94	128	179	201	123	165	0	0	0	0	0	0	0
V:E:I:D	166	110	130	183	159	170	209	0	0	0	1	1	0	0
V:E:I:E	196	114	178	145	200	141	355	0	0	0	0	0	1	0
V:D:K:D	96	108	127	92	94	83	178	0	0	0	0	0	0	0
V:D:K:E	94	81	95	112	132	106	123	0	0	0	0	0	0	1
V:E:K:D	109	54	170	63	104	95	293	0	0	0	0	0	0	0
V:E:K:E	94	63	109	111	134	92	152	0	0	1	0	0	1	0
V:D:L:D	349	258	368	364	429	393	814	7	4	0	0	0	1	0
V:D:L:E	368	259	388	343	447	369	1067	2	6	8	0	0	20	1
V:E:L:D	472	284	404	403	499	420	771	0	1	0	0	0	1	1
V:E:L:E	517	356	592	665	466	508	1511	0	0	8	1	0	0	1
V:D:M:D	45	45	43	78	35	78	97	0	0	0	0	0	0	0
V:D:M:E	74	55	69	79	91	65	292	0	1	0	0	1	0	1
V:E:M:D	71	38	102	34	101	108	159	0	0	0	0	0	0	0
V:E:M:E	88	48	80	58	53	71	239	1	0	0	4	0	0	0
V:D:N:D	96	64	76	61	97	85	175	0	0	0	0	0	0	0
V:D:N:E	82	60	42	63	90	98	266	0	0	0	0	1	0	0
V:E:N:D	93	91	104	40	97	143	181	0	0	0	0	1	1	0
V:E:N:E	105	57	88	78	117	141	185	0	0	0	0	0	0	0
V:D:P:D	301	156	184	96	263	233	466	0	0	0	0	0	0	1
V:D:P:E	203	204	286	212	310	242	442	1	0	0	0	1	0	1
V:E:P:D	269	188	224	145	270	272	436	0	0	1	0	1	1	1
V:E:P:E	343	211	247	280	254	228	442	0	1	0	0	0	1	0
V:D:Q:D	125	73	109	66	116	147	151	0	0	0	0	1	0	0
V:D:Q:E	167	83	137	79	164	147	182	1	0	0	0	0	0	1
V:E:Q:D	130	107	145	65	119	130	133	0	0	0	0	0	0	0
V:E:Q:E	149	93	167	125	141	171	520	0	0	0	0	0	0	0
V:D:R:D	429	298	317	267	397	398	727	0	0	0	0	1	0	0
V:D:R:E	441	292	392	381	521	436	983	0	1	1	0	2	0	1
V:E:R:D	408	309	300	252	443	514	1204	0	0	0	1	0	0	0
V:E:R:E	519	351	437	440	475	497	1582	1	0	1	1	1	1	1
V:D:S:D	373	294	323	309	348	362	652	0	0	0	0	0	1	0
V:D:S:E	387	295	354	213	336	385	941	0	3	0	0	0	0	2
V:E:S:D	417	315	344	294	395	362	827	0	1	0	0	1	0	1
V:E:S:E	350	327	312	376	277	354	1197	0	0	2	0	0	2	0
V:D:T:D	95	81	82	62	135	127	141	0	0	0	0	0	0	0
V:D:T:E	165	125	169	68	213	154	276	0	0	0	0	0	0	1
V:E:T:D	101	90	137	66	178	139	527	0	0	0	0	0	0	0
V:E:T:E	213	130	116	92	183	123	396	0	0	0	0	0	0	1
V:D:V:D	319	308	276	320	349	291	447	0	0	0	0	0	0	0
V:D:V:E	352	276	407	316	394	353	490	0	1	0	0	1	1	1
V:E:V:D	436	310	295	317	349	394	844	0	0	0	0	3	0	3
V:E:V:E	412	272	318	250	324	328	664	0	0	0	0	2	0	37
V:D:W:D	96	70	99	104	79	57	87	0	0	0	0	1	0	0
V:D:W:E	87	87	57	62	116	78	93	0	0	0	0	0	0	0
V:E:W:D	100	64	86	80	64	88	102	0	0	0	1	0	0	0
V:E:W:E	107	95	72	38	120	68	328	0	0	1	0	0	0	0
V:D:Y:D	97	85	88	41	93	96	395	0	0	1	0	0	0	0
V:D:Y:E	112	77	116	112	125	88	298	0	1	0	0	0	0	0
V:E:Y:D	123	98	134	45	101	103	257	0	0	1	0	0	0	1
V:E:Y:E	133	103	114	105	169	113	241	0	0	0	0	0	0	0
W:D:A:D	43	24	88	57	80	68	62	0	0	0	0	0	0	0
W:D:A:E	71	31	93	42	56	44	33	0	1	0	0	0	1	1
W:E:A:D	106	35	53	38	96	43	113	0	87	0	1	0	0	1
W:E:A:E	120	66	72	69	98	70	139	3	13	0	3	0	3	2
W:D:C:D	31	39	33	25	25	25	14	0	0	0	0	0	0	0
W:D:C:E	28	14	8	64	34	46	17	0	0	0	0	0	0	0
W:E:C:D	22	27	17	10	39	17	42	0	0	0	0	1	0	0
W:E:C:E	31	9	23	34	36	19	60	0	1	0	0	0	0	0
W:D:D:D	22	19	16	23	26	34	30	0	0	0	0	0	0	0
W:D:D:E	37	16	99	9	30	44	34	0	0	0	0	0	0	1
W:E:D:D	95	42	28	12	26	45	37	0	0	0	0	0	0	0
W:E:D:E	41	34	21	9	29	37	41	0	0	0	0	0	0	0
W:D:E:D	31	26	27	7	29	25	52	0	0	0	0	0	0	0
W:D:E:E	65	25	31	20	30	31	20	0	0	0	0	0	0	0
W:E:E:D	33	40	28	25	31	34	82	0	0	0	0	0	0	0
W:E:E:E	41	33	23	16	33	40	38	0	0	0	0	0	0	0
W:D:F:D	45	40	24	17	22	26	21	0	0	0	0	1	0	0
W:D:F:E	31	20	21	38	51	23	66	0	0	0	0	0	0	0
W:E:F:D	37	25	37	11	22	23	28	0	0	0	0	0	0	0
W:E:F:E	36	22	35	23	53	26	197	0	0	0	0	0	0	0
W:D:G:D	85	46	68	48	94	70	141	0	1	2	0	0	1	1
W:D:G:E	68	64	107	79	177	67	164	2	1	3	0	0	0	3
W:E:G:D	106	74	108	81	81	76	215	0	11	1	0	0	3	1
W:E:G:E	100	51	89	20	151	108	105	1	25	9	1	1	2	2
W:D:H:D	11	18	10	8	31	9	25	0	0	0	0	0	0	1
W:D:H:E	27	12	15	10	18	15	29	0	0	0	0	0	0	0
W:E:H:D	50	23	20	47	35	33	46	0	0	0	0	0	0	0
W:E:H:E	46	23	49	19	55	48	42	0	0	0	0	0	0	0
W:D:I:D	22	16	28	7	27	40	19	0	0	0	0	0	0	0
W:D:I:E	35	10	19	45	24	36	76	0	0	0	0	0	0	0
W:E:I:D	38	38	52	6	28	33	26	0	0	1	0	0	0	0
W:E:I:E	41	59	22	16	24	42	96	0	0	0	0	0	0	0
W:D:K:D	38	21	33	6	18	16	6	0	0	0	0	0	0	0
W:D:K:E	41	21	11	8	19	15	12	2	0	0	0	0	0	0
W:E:K:D	22	13	33	10	25	11	25	0	0	0	0	0	0	0
W:E:K:E	14	34	19	8	19	23	43	0	0	0	0	0	0	0
W:D:L:D	134	57	61	66	128	103	170	0	0	0	0	1	0	0
W:D:L:E	80	48	61	87	90	84	180	0	1	0	0	0	0	0
W:E:L:D	85	88	76	75	108	101	91	0	0	0	0	0	0	0
W:E:L:E	111	78	47	47	150	103	137	0	0	0	0	0	1	0
W:D:M:D	14	2	37	25	15	5	8	0	0	0	0	0	0	0
W:D:M:E	14	9	12	10	8	16	12	0	0	0	0	0	0	0
W:E:M:D	26	21	25	9	20	25	19	0	0	0	0	0	0	0
W:E:M:E	15	5	7	7	9	11	19	0	0	0	0	0	0	0
W:D:N:D	18	11	8	8	12	15	14	0	0	0	0	0	0	0
W:D:N:E	27	6	39	15	24	12	18	0	0	0	0	0	0	0
W:E:N:D	18	18	19	54	25	23	29	0	0	0	0	1	0	0
W:E:N:E	30	20	8	19	24	28	29	0	0	0	0	0	0	0
W:D:P:D	44	30	18	24	41	48	39	0	0	0	0	0	0	0
W:D:P:E	53	41	57	26	36	53	42	0	0	0	0	0	0	0
W:E:P:D	51	43	64	19	57	33	89	0	0	0	0	0	0	0
W:E:P:E	60	46	95	15	74	65	109	0	0	0	0	0	0	0
W:D:Q:D	23	17	37	19	31	28	60	0	0	0	0	0	0	0
W:D:Q:E	36	24	33	50	28	22	16	0	0	0	0	0	0	0
W:E:Q:D	30	23	60	57	27	27	74	0	0	0	0	0	0	0
W:E:Q:E	20	15	29	6	26	35	72	0	0	0	0	0	0	0
W:D:R:D	104	70	122	87	132	120	116	0	0	0	0	0	0	0
W:D:R:E	94	46	72	123	94	120	125	0	0	0	0	0	0	0
W:E:R:D	78	107	82	28	100	121	269	0	0	0	0	0	0	0
W:E:R:E	117	67	99	54	134	122	143	0	0	0	0	1	0	0
W:D:S:D	76	43	69	46	68	73	63	1	0	0	1	0	0	0
W:D:S:E	105	102	114	85	67	94	58	0	0	0	0	0	0	0
W:E:S:D	100	57	54	52	91	58	125	0	0	0	0	0	0	0
W:E:S:E	111	87	74	31	87	107	93	0	0	0	0	0	0	0
W:D:T:D	19	11	10	45	20	16	16	0	0	0	0	0	0	0
W:D:T:E	29	36	21	26	31	25	14	0	0	0	0	0	0	0
W:E:T:D	59	33	59	18	52	36	191	0	1	0	0	0	23	0
W:E:T:E	49	35	38	34	30	30	32	0	0	0	0	0	0	1
W:D:V:D	67	69	112	46	77	95	69	0	0	0	0	0	0	0
W:D:V:E	82	62	94	62	72	54	55	0	0	0	0	0	0	0
W:E:V:D	95	65	145	28	112	90	74	0	0	0	0	0	0	0
W:E:V:E	108	48	80	47	88	64	81	0	0	0	0	0	0	0
W:D:W:D	14	11	8	15	14	24	7	0	0	0	0	0	0	0
W:D:W:E	19	6	17	12	31	15	47	0	0	0	0	0	0	0
W:E:W:D	12	13	13	28	16	25	17	0	0	1	0	0	0	0
W:E:W:E	47	31	32	13	20	32	74	0	0	0	0	0	0	0
W:D:Y:D	13	20	12	14	13	15	19	0	0	0	0	0	0	0
W:D:Y:E	28	7	33	8	26	21	31	0	0	0	0	0	0	0
W:E:Y:D	24	28	30	8	31	27	255	0	0	0	0	0	0	0
W:E:Y:E	31	12	21	9	19	14	46	0	0	0	0	0	0	0
Y:D:A:D	203	96	183	108	182	185	345	0	0	0	1	2	0	0
Y:D:A:E	236	147	170	203	171	166	326	2	2	3	2	0	0	0
Y:E:A:D	132	103	224	98	200	222	189	0	0	0	0	0	1	1
Y:E:A:E	210	184	163	190	290	229	433	0	1	3	4	2	0	1
Y:D:C:D	67	57	60	128	43	71	142	0	0	0	0	0	0	0
Y:D:C:E	76	59	83	37	93	97	502	0	0	0	0	0	0	0
Y:E:C:D	109	74	192	174	70	79	94	0	0	0	0	0	0	0
Y:E:C:E	121	56	60	88	95	99	228	0	0	0	0	1	0	0
Y:D:D:D	153	73	104	68	95	102	214	0	0	0	0	1	0	2
Y:D:D:E	129	41	83	88	91	98	325	0	0	0	0	0	1	0
Y:E:D:D	118	70	86	125	77	122	327	0	0	0	0	0	0	1
Y:E:D:E	101	73	122	36	104	81	203	0	0	0	0	0	0	0
Y:D:E:D	118	94	85	32	117	94	251	0	0	0	0	0	0	0
Y:D:E:E	99	88	106	102	78	81	209	0	0	0	0	0	0	0
Y:E:E:D	110	69	98	83	118	91	108	0	1	0	0	0	1	0
Y:E:E:E	128	129	124	75	159	130	311	0	0	0	0	0	0	0
Y:D:F:D	61	46	89	84	73	88	102	0	0	0	0	0	0	0
Y:D:F:E	92	43	119	50	73	75	256	0	0	0	0	0	0	1
Y:E:F:D	83	63	119	58	99	88	219	0	0	0	0	0	1	0
Y:E:F:E	81	57	112	81	91	104	161	0	0	0	0	0	0	0
Y:D:G:D	306	160	255	119	248	204	551	1	2	3	3	3	1	3
Y:D:G:E	227	204	267	167	182	204	380	5	0	7	1	1	0	4
Y:E:G:D	248	152	195	135	281	278	744	5	0	8	2	1	0	3
Y:E:G:E	299	212	227	217	307	315	481	3	4	7	0	2	4	2
Y:D:H:D	95	56	85	46	92	77	333	0	0	0	0	0	0	0
Y:D:H:E	99	87	65	122	113	88	131	0	0	1	0	0	0	0
Y:E:H:D	88	34	115	35	141	116	212	0	0	0	0	1	0	0
Y:E:H:E	78	61	99	100	90	91	118	0	0	0	0	1	0	0
Y:D:I:D	92	63	58	32	64	79	84	0	0	0	0	0	0	0
Y:D:I:E	105	47	136	55	122	84	138	0	0	0	0	0	0	0
Y:E:I:D	102	79	157	70	121	119	82	0	0	0	0	0	0	0
Y:E:I:E	133	104	116	117	87	85	355	0	0	0	0	0	0	0
Y:D:K:D	69	34	57	38	69	65	66	0	0	0	0	0	0	1
Y:D:K:E	50	29	37	67	64	37	153	0	0	0	0	0	0	0
Y:E:K:D	63	35	106	41	47	69	66	0	0	0	0	0	0	0
Y:E:K:E	105	61	117	118	90	93	89	0	0	0	1	0	0	0
Y:D:L:D	297	139	243	137	228	214	541	0	0	0	0	0	1	0
Y:D:L:E	273	164	201	123	291	242	421	0	0	0	0	1	0	1
Y:E:L:D	315	204	244	246	324	359	726	0	0	1	0	0	0	1
Y:E:L:E	337	230	236	273	327	231	856	1	0	0	0	2	0	0
Y:D:M:D	28	40	29	26	36	33	67	0	0	0	0	0	0	0
Y:D:M:E	35	32	35	18	25	37	55	0	0	1	0	1	0	0
Y:E:M:D	34	22	42	31	46	26	41	0	0	0	1	0	0	0
Y:E:M:E	60	31	31	24	65	50	86	0	0	1	0	0	0	0
Y:D:N:D	41	39	31	41	59	51	144	0	0	0	0	0	0	0
Y:D:N:E	71	29	66	54	54	60	317	0	0	0	0	0	0	0
Y:E:N:D	100	53	39	42	80	57	74	0	0	0	0	0	0	0
Y:E:N:E	69	54	73	85	41	68	94	0	0	0	0	0	0	0
Y:D:P:D	159	86	225	82	156	142	202	0	0	0	0	1	0	0
Y:D:P:E	151	119	188	94	155	182	222	0	0	0	0	0	0	0
Y:E:P:D	165	114	97	139	152	136	248	0	0	0	0	0	0	1
Y:E:P:E	197	145	204	136	186	176	210	0	0	0	0	0	0	0
Y:D:Q:D	78	83	106	44	65	64	127	0	0	0	0	0	0	0
Y:D:Q:E	75	73	107	67	98	93	130	0	0	0	0	1	0	0
Y:E:Q:D	96	86	111	98	86	96	104	0	0	0	0	1	0	0
Y:E:Q:E	106	93	86	79	102	109	150	0	0	0	0	0	1	1
Y:D:R:D	273	159	325	143	296	264	757	0	0	0	0	0	0	1
Y:D:R:E	368	214	218	176	294	324	696	0	0	0	0	0	0	0
Y:E:R:D	308	196	251	212	308	316	552	0	0	0	0	1	0	0
Y:E:R:E	282	172	252	402	346	326	624	0	1	0	0	0	0	1
Y:D:S:D	210	117	231	109	194	131	309	0	0	0	0	0	0	0
Y:D:S:E	224	161	193	191	216	232	472	0	0	1	0	0	1	0
Y:E:S:D	260	143	286	259	226	235	312	0	0	0	0	2	0	2
Y:E:S:E	267	218	231	285	327	309	317	0	0	0	0	0	0	1
Y:D:T:D	68	41	44	84	69	81	259	0	0	0	0	0	0	1
Y:D:T:E	122	40	85	24	95	99	94	0	0	0	0	0	0	1
Y:E:T:D	103	29	59	103	95	67	253	0	0	0	0	0	1	0
Y:E:T:E	115	82	145	51	167	127	102	0	0	0	0	0	0	0
Y:D:V:D	188	137	231	133	253	218	334	0	0	0	0	1	2	0
Y:D:V:E	224	134	226	183	162	168	624	0	0	0	0	2	1	0
Y:E:V:D	243	161	206	150	250	236	293	0	0	0	0	0	0	1
Y:E:V:E	260	159	214	244	223	230	409	0	0	10	0	0	0	0
Y:D:W:D	78	39	70	68	51	75	215	0	0	0	0	0	0	0
Y:D:W:E	62	65	74	42	60	72	71	0	0	0	0	0	0	0
Y:E:W:D	106	43	75	75	81	85	72	0	0	0	0	0	0	0
Y:E:W:E	60	40	59	29	66	49	113	0	0	0	0	0	0	0
Y:D:Y:D	68	46	21	47	34	60	107	0	0	0	0	0	0	0
Y:D:Y:E	74	31	47	20	80	55	119	0	0	0	0	0	0	0
Y:E:Y:D	84	82	166	55	115	61	116	0	0	0	0	0	0	1
Y:E:Y:E	93	43	77	51	97	43	299	0	0	0	0	0	0	0
